*---------------------------------------------------------------------------*
*Station name: 35.135916 113.763737
* Column  Daily value
* 1       station number
* 2       year
* 3       day
* 4       irradiation                   (kJ m-2 d-1)
* 5       minimum temperature           (degrees Celsius)
* 6       maximum temperature           (degrees Celsius)
* 7       early morning vapour pressure (kPa)
* 8       mean wind speed (height: 2 m) (m s-1)
* 9       precipitation                 (mm d-1)
*
* era5
* Created by era2cabo, by Alex 
* File created: 2019-05-08 17:45:10.922525
** WCCFORMAT=2
*---------------------------------------------------------------------------*
113.763737  35.135916  50.000000  -0.180000  -0.550000 
      0 2008    1  11085   -4.1    5.8  0.246    1.8    0.0 
      0 2008    2  10643   -4.6    7.7  0.267    1.8    0.0 
      0 2008    3  10275   -3.5    8.9  0.287    1.5    0.0 
      0 2008    4  11052   -3.7    9.7  0.335    1.7    0.0 
      0 2008    5  11506   -3.6   12.4  0.368    2.4    0.0 
      0 2008    6  10509   -1.1   11.1  0.426    2.2    0.0 
      0 2008    7  11061   -2.2   13.7  0.481    1.7    0.0 
      0 2008    8  11363    2.1   13.5  0.464    1.3    0.0 
      0 2008    9  10538   -0.6    8.0  0.405    4.8    0.0 
      0 2008   10   1883    0.4    2.5  0.419    3.6    1.8 
      0 2008   11   4034   -0.4    3.4  0.433    3.7    2.2 
      0 2008   12   6265   -1.8    1.8  0.334    4.9    0.7 
      0 2008   13   7427   -6.1   -0.8  0.246    3.2    0.2 
      0 2008   14   9257   -5.9    0.4  0.288    1.0    0.0 
      0 2008   15   7318   -5.7    0.7  0.348    0.9    0.3 
      0 2008   16  11030   -7.1    1.4  0.320    1.7    0.0 
      0 2008   17   7288   -4.0    0.9  0.401    1.5    1.2 
      0 2008   18   6495   -4.8    1.5  0.415    1.4    0.5 
      0 2008   19   4034   -3.1   -0.2  0.431    4.4    5.2 
      0 2008   20   7319   -2.8    1.1  0.392    4.8    2.4 
      0 2008   21   9151   -5.5    0.9  0.324    2.0    0.2 
      0 2008   22  10014   -6.3    2.1  0.371    1.4    0.1 
      0 2008   23   6686   -7.2   -0.3  0.320    1.9    0.4 
      0 2008   24  12244   -7.5    1.3  0.275    1.2    0.0 
      0 2008   25  10335   -7.1    1.4  0.282    1.1    0.0 
      0 2008   26  12511   -8.0    2.6  0.238    1.9    0.0 
      0 2008   27  10649   -6.9    2.7  0.279    1.4    1.2 
      0 2008   28  11165   -5.9    3.4  0.387    1.3    0.0 
      0 2008   29  12795   -6.6    4.4  0.352    1.6    0.0 
      0 2008   30  12178   -4.7    3.4  0.312    2.0    0.0 
      0 2008   31  14393   -8.7    3.7  0.264    1.2    0.0 
      0 2008   32  10030   -5.3    4.1  0.294    1.3    0.0 
      0 2008   33  12880   -7.1    5.9  0.280    1.7    0.0 
      0 2008   34  14719   -6.9    5.4  0.292    1.3    0.0 
      0 2008   35  14324   -5.8    6.8  0.375    1.5    0.0 
      0 2008   36  15162   -5.3    4.8  0.297    1.8    0.0 
      0 2008   37  15140   -5.8    5.0  0.302    1.8    0.0 
      0 2008   38  15107   -3.9    6.4  0.339    1.6    0.0 
      0 2008   39  15752   -5.4    5.0  0.217    1.7    0.0 
      0 2008   40  12227   -7.2    3.9  0.233    2.0    0.0 
      0 2008   41  14935   -4.7    6.9  0.300    1.6    0.0 
      0 2008   42  12680   -4.4    6.9  0.332    1.9    0.0 
      0 2008   43  14216   -4.9    2.5  0.206    2.3    0.0 
      0 2008   44  14976   -5.9    6.2  0.248    1.5    0.0 
      0 2008   45  16443   -5.9    9.1  0.293    2.0    0.0 
      0 2008   46  16070   -5.3    9.4  0.328    1.6    0.0 
      0 2008   47  16095   -1.7    9.6  0.336    2.7    0.0 
      0 2008   48  13355   -2.5    8.5  0.339    2.4    0.0 
      0 2008   49  12859    0.3    8.6  0.457    2.0    0.0 
      0 2008   50  16805   -2.6   13.3  0.491    1.8    0.0 
      0 2008   51  16953   -2.9   13.1  0.468    1.5    0.0 
      0 2008   52  17266   -0.9   17.0  0.492    3.0    0.0 
      0 2008   53  17090    1.5   12.4  0.498    3.2    0.0 
      0 2008   54  16722   -1.7    7.9  0.423    4.8    0.0 
      0 2008   55   5278   -1.5    1.9  0.355    3.6    3.3 
      0 2008   56  12647   -4.3    6.3  0.497    2.0    0.6 
      0 2008   57  18551   -4.6   10.3  0.381    1.7    0.0 
      0 2008   58  18198   -4.5   13.8  0.379    2.3    0.0 
      0 2008   59  18781   -2.0   17.6  0.361    3.3    0.0 
      0 2008   60  18971   -2.7   15.1  0.338    2.0    0.0 
      0 2008   61  18961    2.2   17.3  0.315    3.8    0.0 
      0 2008   62  16538    2.1   14.7  0.287    3.4    0.0 
      0 2008   63  19521   -3.3   14.3  0.333    1.9    0.0 
      0 2008   64  19374   -1.5   15.7  0.431    1.4    0.0 
      0 2008   65  19021    2.8   18.2  0.583    1.4    0.0 
      0 2008   66  12801    4.9   13.0  0.397    4.5    0.0 
      0 2008   67  19800   -0.9   14.2  0.389    2.1    0.0 
      0 2008   68  18044    4.8   17.2  0.607    2.5    0.1 
      0 2008   69  19407    2.8   21.1  0.742    1.7    0.0 
      0 2008   70  20293    3.6   23.1  0.657    2.8    0.0 
      0 2008   71  19525    4.9   25.7  0.788    2.4    0.0 
      0 2008   72  10503    8.0   18.9  0.855    1.9    0.1 
      0 2008   73  20267    3.4   16.3  0.612    3.5    0.0 
      0 2008   74  20257    2.7   19.3  0.701    2.2    0.0 
      0 2008   75  17195    6.6   21.1  0.713    2.6    0.0 
      0 2008   76  20331    5.8   18.7  0.573    2.3    0.0 
      0 2008   77  20634    5.5   22.6  0.825    3.0    0.0 
      0 2008   78  18492    9.3   24.9  1.043    3.9    1.5 
      0 2008   79  16508    6.7   14.2  0.375    4.6    0.0 
      0 2008   80  16371    7.7   17.8  0.598    1.5    0.8 
      0 2008   81  16267    9.0   19.4  0.973    1.5    0.6 
      0 2008   82  22537    4.9   23.3  0.664    3.0    0.0 
      0 2008   83  22933    3.8   20.3  0.413    2.3    0.0 
      0 2008   84  22313    4.4   18.1  0.405    3.3    0.0 
      0 2008   85  23104    1.8   20.2  0.405    2.0    0.0 
      0 2008   86  22832    4.5   19.8  0.447    2.8    0.0 
      0 2008   87  22881    4.8   19.1  0.459    2.7    0.0 
      0 2008   88  11981    9.6   15.5  0.529    4.3    0.0 
      0 2008   89  11793    6.7   13.4  0.836    1.8    0.4 
      0 2008   90  21951    5.0   18.3  0.899    1.5    0.0 
      0 2008   91  16862    6.5   17.2  0.866    2.0    0.0 
      0 2008   92  14010    8.5   20.5  0.771    3.4    0.0 
      0 2008   93  23046    6.0   20.5  0.387    2.9    0.0 
      0 2008   94  20863    4.4   22.2  0.590    1.8    0.0 
      0 2008   95  17072    7.2   21.9  0.719    2.5    0.0 
      0 2008   96  21035    7.7   23.0  0.931    1.7    0.0 
      0 2008   97  23473    9.1   29.4  1.284    2.6    0.0 
      0 2008   98  20355   12.2   26.7  1.441    2.8    0.3 
      0 2008   99   3300   12.9   20.5  1.389    4.2   22.7 
      0 2008  100  19866   11.3   21.0  1.250    2.7    1.6 
      0 2008  101  16678    9.0   19.8  1.214    1.4    1.5 
      0 2008  102  13300   10.1   19.2  1.173    3.9    0.5 
      0 2008  103  16583    9.3   17.8  1.038    2.4    0.5 
      0 2008  104  23114    7.0   22.9  1.191    2.2    0.0 
      0 2008  105  16648    9.5   21.7  1.242    2.0    0.0 
      0 2008  106  21326   10.1   22.8  1.245    2.0    0.0 
      0 2008  107  24254   11.0   23.9  1.230    1.4    0.0 
      0 2008  108  25264   10.2   24.8  1.113    1.8    0.0 
      0 2008  109  17788   12.3   22.7  1.303    2.4    1.4 
      0 2008  110   2029   12.9   15.9  1.417    4.6   28.0 
      0 2008  111   8671   10.9   17.2  1.283    3.1    2.4 
      0 2008  112  16780    8.4   18.8  1.128    2.5    0.0 
      0 2008  113  24418   10.9   23.0  1.117    1.9    0.1 
      0 2008  114  24805    7.7   21.4  0.692    2.4    0.0 
      0 2008  115  26019    5.9   24.0  0.774    3.3    0.0 
      0 2008  116  26804   11.6   27.8  0.769    3.3    0.0 
      0 2008  117  26278    8.8   24.2  0.900    2.4    0.0 
      0 2008  118  26427   12.1   21.4  0.846    4.6    0.0 
      0 2008  119  26525    9.2   27.6  1.105    3.4    0.0 
      0 2008  120  24453   14.3   30.1  1.389    2.6    0.0 
      0 2008  121  24570   16.5   32.5  1.617    3.1    0.0 
      0 2008  122  26206   17.1   33.6  1.799    2.5    0.0 
      0 2008  123  23769   19.6   32.8  2.173    2.8    0.0 
      0 2008  124  11030   17.4   28.0  2.106    1.6   14.2 
      0 2008  125  25058   12.2   27.1  1.450    2.8    0.0 
      0 2008  126  26733   12.6   28.2  1.480    2.5    0.0 
      0 2008  127  26758   15.6   30.9  1.762    3.3    0.0 
      0 2008  128  20996   17.4   28.4  1.925    4.1    0.2 
      0 2008  129  11053   17.9   23.6  1.444    4.0    0.6 
      0 2008  130  20958   12.9   25.3  1.441    2.0    0.1 
      0 2008  131  24654   11.2   24.2  1.391    1.9    0.0 
      0 2008  132  21402   13.1   21.3  1.350    2.7    1.1 
      0 2008  133  26950    9.1   23.7  0.930    1.5    0.1 
      0 2008  134  25945    9.5   24.1  0.883    2.2    0.0 
      0 2008  135  27343   13.5   29.4  1.174    3.1    0.0 
      0 2008  136  26561   16.6   28.3  1.521    2.9    0.0 
      0 2008  137  25544   18.0   29.7  1.863    3.4    3.3 
      0 2008  138  13869   17.4   27.2  1.917    2.6   17.1 
      0 2008  139  25631   16.5   27.9  1.649    0.9    9.2 
      0 2008  140  28479   13.1   30.5  1.314    2.1    0.0 
      0 2008  141  27146   16.1   31.7  1.380    3.3    0.0 
      0 2008  142  26079   17.3   31.3  1.057    1.9    0.0 
      0 2008  143  24531   16.0   33.7  1.465    1.9    0.0 
      0 2008  144  25635   17.4   34.1  1.705    1.8    0.0 
      0 2008  145  26266   18.9   34.0  1.855    1.5    0.0 
      0 2008  146  19042   20.0   32.4  2.182    1.3    0.0 
      0 2008  147  15856   22.6   31.0  2.394    1.2    1.2 
      0 2008  148  19597   21.1   32.8  1.947    3.1    0.0 
      0 2008  149  28973   18.7   32.1  0.985    2.1    0.0 
      0 2008  150  19251   19.0   29.0  0.928    3.3    0.0 
      0 2008  151  29985   13.0   29.2  0.627    2.1    0.0 
      0 2008  152  29152   13.8   34.1  0.750    3.5    0.0 
      0 2008  153  27013   18.6   32.2  0.950    3.8    0.0 
      0 2008  154  28022   16.4   29.8  0.953    2.4    0.3 
      0 2008  155  17551   16.4   25.2  1.544    2.7    5.3 
      0 2008  156  27086   12.9   27.6  1.310    1.8    0.0 
      0 2008  157  27915   15.5   30.8  1.294    2.2    0.0 
      0 2008  158  17451   19.2   27.9  1.743    2.3    3.1 
      0 2008  159  26340   17.2   34.6  1.600    2.0    0.0 
      0 2008  160  25948   18.1   34.4  1.692    2.1    0.0 
      0 2008  161  26860   23.1   35.4  1.856    2.8    0.0 
      0 2008  162  21090   21.2   35.4  1.734    2.6    0.8 
      0 2008  163  18912   22.1   31.4  1.794    2.0    0.0 
      0 2008  164  24944   20.2   34.9  1.875    1.6    1.2 
      0 2008  165  22616   22.0   33.8  2.144    2.0    0.4 
      0 2008  166  24299   21.7   32.6  1.937    3.0    0.0 
      0 2008  167  24967   21.3   30.2  1.629    3.2    0.0 
      0 2008  168  12655   19.9   26.3  1.784    3.5    1.1 
      0 2008  169  17037   17.5   27.1  1.697    1.7    0.0 
      0 2008  170  26241   16.7   30.7  1.719    2.0    0.0 
      0 2008  171  16431   21.8   30.6  2.048    2.6    0.0 
      0 2008  172  19022   21.9   33.0  2.357    1.4    0.0 
      0 2008  173  18450   22.6   34.3  2.682    1.4    0.6 
      0 2008  174  19071   23.2   34.2  2.619    1.9    0.6 
      0 2008  175  26587   23.1   35.8  2.295    1.8    0.2 
      0 2008  176  15749   22.8   30.9  2.596    1.8    0.0 
      0 2008  177  25848   22.7   37.2  2.381    2.5    2.1 
      0 2008  178  21980   21.9   34.0  2.329    2.4    0.0 
      0 2008  179  23846   21.1   33.6  2.267    2.2    0.0 
      0 2008  180  24566   22.6   33.6  2.277    3.0    0.0 
      0 2008  181  22887   22.9   36.1  2.390    2.1    0.0 
      0 2008  182  16665   26.4   34.8  2.583    1.7    2.0 
      0 2008  183  10646   23.0   29.1  2.599    1.6   15.6 
      0 2008  184  24501   21.3   33.0  2.571    1.7    0.0 
      0 2008  185  25158   23.2   37.1  2.711    2.1    0.0 
      0 2008  186  18046   25.9   34.3  3.073    1.7   11.5 
      0 2008  187  15177   23.6   28.8  2.635    2.5   10.7 
      0 2008  188  21933   20.3   33.0  2.524    1.3    0.0 
      0 2008  189  18005   21.8   31.2  2.621    1.9    0.0 
      0 2008  190  16539   22.2   29.1  2.389    1.9    0.1 
      0 2008  191  19733   21.8   30.2  2.582    1.8    0.6 
      0 2008  192  20577   23.6   32.2  2.867    1.4    1.0 
      0 2008  193  24344   24.0   35.4  2.826    1.1    0.2 
      0 2008  194  17380   24.1   31.1  2.746    2.7   28.6 
      0 2008  195  19586   24.4   31.9  2.668    2.8    2.9 
      0 2008  196   7814   24.1   30.2  2.984    1.7   20.4 
      0 2008  197   7389   20.9   25.7  2.719    1.7   19.5 
      0 2008  198  25315   18.8   32.6  2.587    1.6    0.0 
      0 2008  199  12271   21.6   29.8  2.628    1.7    3.9 
      0 2008  200  18731   20.9   27.6  2.351    1.6   20.8 
      0 2008  201  22265   19.9   28.9  2.344    2.8    0.0 
      0 2008  202  24488   19.5   30.3  2.313    2.1    0.0 
      0 2008  203  14757   21.4   28.4  2.478    0.9    0.0 
      0 2008  204   4935   22.0   25.7  2.322    1.8    6.8 
      0 2008  205   9094   20.7   28.8  2.308    3.1   14.8 
      0 2008  206  26948   17.9   31.0  2.474    1.0    0.0 
      0 2008  207  24946   20.3   31.1  2.666    1.4    0.0 
      0 2008  208  20076   22.2   30.4  2.846    1.8    0.6 
      0 2008  209  19348   23.4   30.7  2.996    2.1    1.1 
      0 2008  210  19401   23.5   31.6  3.117    1.5    1.7 
      0 2008  211  20503   24.5   33.1  3.198    2.9    1.9 
      0 2008  212  13368   25.0   30.7  2.866    5.8    3.8 
      0 2008  213  11110   24.9   31.2  2.885    3.4    0.5 
      0 2008  214  19573   23.8   34.1  3.025    2.2    2.7 
      0 2008  215  23948   22.1   33.0  2.665    1.0    0.0 
      0 2008  216  21432   23.1   32.7  2.781    1.4    0.0 
      0 2008  217  23252   22.8   32.7  2.672    1.5    0.0 
      0 2008  218  21005   22.8   32.5  2.806    1.6    6.4 
      0 2008  219  15577   23.9   31.1  3.049    2.1   16.2 
      0 2008  220  19552   24.6   32.2  3.150    2.2    1.3 
      0 2008  221  19844   24.0   32.2  3.108    1.5    0.6 
      0 2008  222  22222   24.2   32.5  2.910    1.5    0.0 
      0 2008  223  21904   24.8   33.2  2.678    2.3    0.1 
      0 2008  224  18999   23.3   32.6  2.749    1.8    0.4 
      0 2008  225  18811   23.4   32.2  2.834    1.8    0.6 
      0 2008  226   4533   23.3   26.4  2.693    2.5   75.2 
      0 2008  227  17355   22.3   29.1  2.677    2.6    3.7 
      0 2008  228  18704   22.6   27.7  2.282    4.8    0.1 
      0 2008  229  10889   21.7   26.2  1.959    3.6    1.0 
      0 2008  230  21855   18.7   28.2  2.023    1.8    0.6 
      0 2008  231  24581   19.4   31.0  2.506    2.4    0.0 
      0 2008  232  17808   22.4   30.8  2.874    2.4    0.1 
      0 2008  233  16262   25.2   30.1  2.937    3.5    3.2 
      0 2008  234  13129   24.0   32.0  2.875    2.4   21.2 
      0 2008  235  20563   21.5   29.9  2.497    1.6    0.1 
      0 2008  236  25285   18.1   32.6  2.143    1.2    0.0 
      0 2008  237  14894   20.2   30.0  2.423    1.0    0.0 
      0 2008  238  21529   21.1   30.0  2.419    1.0    0.0 
      0 2008  239  19694   21.1   30.1  2.370    1.5    0.0 
      0 2008  240  13820   22.0   29.7  2.580    1.7    6.4 
      0 2008  241  17548   20.5   29.7  2.419    2.1    0.6 
      0 2008  242  15268   22.3   28.8  2.492    3.2    1.7 
      0 2008  243   5853   18.9   24.0  2.218    1.1    1.2 
      0 2008  244  23141   16.2   27.7  1.801    1.7    0.0 
      0 2008  245  23590   15.4   28.7  1.647    1.4    0.0 
      0 2008  246  21030   16.0   29.8  1.726    1.5    0.0 
      0 2008  247  19981   20.5   29.8  1.929    1.8    0.0 
      0 2008  248  22966   18.8   31.2  1.991    1.8    0.0 
      0 2008  249  21890   19.5   31.6  2.075    1.9    0.0 
      0 2008  250  22498   18.6   30.9  2.179    1.8    0.0 
      0 2008  251   7781   21.0   26.7  2.283    2.5    1.9 
      0 2008  252   8284   21.8   25.7  2.076    2.8    3.5 
      0 2008  253  12032   20.9   28.2  2.142    1.0    0.2 
      0 2008  254  10082   17.0   27.0  2.056    1.5    1.4 
      0 2008  255  21933   14.2   30.1  1.535    1.0    0.0 
      0 2008  256  22527   17.4   30.8  1.661    1.1    0.0 
      0 2008  257  20644   16.0   30.1  1.578    1.9    0.0 
      0 2008  258  21323   17.4   30.0  1.415    1.6    0.0 
      0 2008  259  20907   16.1   31.5  1.489    1.3    0.0 
      0 2008  260  18779   18.1   31.3  1.667    1.2    0.0 
      0 2008  261  18453   18.7   32.0  1.903    1.4    0.0 
      0 2008  262  10329   21.2   28.5  1.735    2.6    1.3 
      0 2008  263   9319   17.9   25.3  1.829    2.3    8.2 
      0 2008  264  19519   16.9   28.9  2.002    1.2    0.0 
      0 2008  265  13809   19.6   28.3  2.077    1.6    0.1 
      0 2008  266  12024   22.9   30.3  2.269    2.7    0.8 
      0 2008  267  10003   18.3   25.5  1.451    7.2    0.0 
      0 2008  268   4106   15.0   18.2  1.093    3.5    1.4 
      0 2008  269  13212   14.2   24.1  1.318    2.9    0.0 
      0 2008  270   3480   16.0   19.2  0.998    3.3    0.2 
      0 2008  271   1687   12.5   16.6  1.292    1.4    7.6 
      0 2008  272   3486   12.3   14.8  1.377    1.0    4.8 
      0 2008  273  17177   11.5   22.0  1.480    1.2    0.0 
      0 2008  274  19767   13.0   26.0  1.417    1.6    0.0 
      0 2008  275  19626   10.7   26.0  1.293    1.0    0.0 
      0 2008  276  17082   13.5   26.7  1.375    1.5    0.0 
      0 2008  277  18238   14.1   27.0  1.514    1.7    0.0 
      0 2008  278  13260   18.3   24.8  1.577    2.2    0.0 
      0 2008  279  14795   13.4   22.5  1.203    3.1    0.0 
      0 2008  280  13522   10.6   19.8  1.081    1.6    0.0 
      0 2008  281  14089    9.3   21.1  1.157    1.5    1.7 
      0 2008  282  13947   13.9   23.0  1.427    2.3    0.3 
      0 2008  283  13526   11.9   23.2  1.435    1.8    0.0 
      0 2008  284  14671   14.3   22.7  1.167    3.0    0.0 
      0 2008  285  11864   13.8   21.4  0.949    1.6    0.0 
      0 2008  286  17608    9.2   24.7  0.955    2.3    0.0 
      0 2008  287  16816   11.3   27.7  1.203    2.5    0.0 
      0 2008  288  17511   11.2   30.1  0.997    1.6    0.0 
      0 2008  289  15333   13.4   29.1  1.118    1.2    0.0 
      0 2008  290  16919   15.1   28.1  1.124    1.6    0.0 
      0 2008  291  16796   12.1   26.0  1.050    1.6    0.0 
      0 2008  292  13925   13.4   27.2  1.246    2.0    0.1 
      0 2008  293  13028   17.4   26.0  1.100    2.1    0.0 
      0 2008  294   5788   16.4   23.4  1.319    1.5    4.4 
      0 2008  295   8490   16.5   23.7  1.647    2.5    1.2 
      0 2008  296   8229   15.4   22.3  1.504    2.2    1.3 
      0 2008  297  16531    8.8   20.8  0.562    2.6    0.0 
      0 2008  298  15744    5.1   20.0  0.567    2.6    0.0 
      0 2008  299  14451    7.1   23.2  0.682    3.0    0.0 
      0 2008  300  15786    5.2   22.9  0.644    1.8    0.0 
      0 2008  301  11879    8.0   20.0  0.557    1.4    0.0 
      0 2008  302   3014   11.0   16.0  0.950    2.0    0.3 
      0 2008  303  12011   10.6   20.3  1.226    1.3    0.0 
      0 2008  304  11296    9.7   20.0  1.156    2.1    0.0 
      0 2008  305  14855    6.7   19.7  0.834    1.7    0.0 
      0 2008  306  13760    7.5   25.3  0.774    2.9    0.0 
      0 2008  307  14628    6.6   22.8  0.704    2.6    0.0 
      0 2008  308  14284    7.1   20.1  0.614    2.9    0.0 
      0 2008  309  12063    7.6   21.9  0.818    2.1    0.0 
      0 2008  310  12649    8.5   23.9  0.887    1.8    0.0 
      0 2008  311   9722   10.5   22.1  0.721    1.7    0.0 
      0 2008  312   7934   11.9   18.2  0.801    3.2    0.0 
      0 2008  313  12051    8.4   15.2  0.680    3.0    0.0 
      0 2008  314   8341    6.4   12.5  0.609    2.0    0.0 
      0 2008  315  11742    4.1   14.0  0.655    1.1    0.0 
      0 2008  316  12163    4.0   15.4  0.668    1.9    0.0 
      0 2008  317  11777    5.4   16.0  0.742    1.2    0.0 
      0 2008  318   8948    8.5   18.6  0.930    1.7    0.1 
      0 2008  319   2372   10.1   12.5  1.044    1.2    6.7 
      0 2008  320  10976    6.3   17.2  0.973    1.6    0.7 
      0 2008  321  12206    3.6   16.4  0.730    1.9    0.0 
      0 2008  322  11569    4.6   11.1  0.417    3.2    0.0 
      0 2008  323  11442    0.5   12.2  0.334    2.5    0.0 
      0 2008  324  12473   -2.4   12.2  0.307    2.1    0.0 
      0 2008  325  12378   -0.3   15.8  0.374    2.7    0.0 
      0 2008  326  11882   -0.7   15.2  0.434    1.9    0.0 
      0 2008  327   9393    6.6   15.7  0.591    1.4    0.0 
      0 2008  328   6844    4.6   13.4  0.655    1.4    0.0 
      0 2008  329  10997    1.0   16.5  0.509    3.0    0.0 
      0 2008  330  11874   -1.1   13.2  0.378    1.8    0.0 
      0 2008  331   7145    2.5   14.0  0.324    3.8    0.0 
      0 2008  332  11848   -0.4    9.8  0.264    2.3    0.0 
      0 2008  333  11510   -1.7   16.7  0.302    3.0    0.0 
      0 2008  334  11412   -1.5   15.3  0.379    1.9    0.0 
      0 2008  335  11462   -0.3   16.8  0.387    2.8    0.0 
      0 2008  336  11507    3.9   17.5  0.307    3.3    0.0 
      0 2008  337  10978    0.8   16.6  0.435    1.1    0.0 
      0 2008  338   7154    4.2   15.3  0.551    1.2    0.4 
      0 2008  339  11040   -2.7    7.5  0.160    3.3    0.0 
      0 2008  340  11521   -4.9    5.8  0.100    2.2    0.0 
      0 2008  341  11381   -5.9    7.2  0.140    2.5    0.0 
      0 2008  342  11244   -3.1   13.3  0.188    3.4    0.0 
      0 2008  343  10622    0.9   14.9  0.289    2.7    0.0 
      0 2008  344  10736    1.1   19.4  0.397    2.0    0.0 
      0 2008  345   8998    0.4   10.7  0.461    2.5    0.0 
      0 2008  346  10807   -3.1   12.2  0.518    2.4    0.0 
      0 2008  347   7407    0.1   10.4  0.507    3.4    0.0 
      0 2008  348   9159    1.3    6.9  0.406    3.4    0.0 
      0 2008  349  10931   -4.8   11.0  0.319    1.6    0.0 
      0 2008  350  10885   -4.1   13.0  0.304    2.1    0.0 
      0 2008  351  10668   -1.6   16.7  0.351    3.2    0.0 
      0 2008  352  10429   -1.0   11.2  0.342    2.3    0.0 
      0 2008  353  10616   -1.3    9.6  0.323    2.2    0.0 
      0 2008  354   9145   -0.2   15.3  0.404    3.0    0.0 
      0 2008  355   6487   -2.4    5.8  0.219    2.8    0.1 
      0 2008  356  11557   -9.0    2.0  0.110    3.4    0.0 
      0 2008  357  11096   -9.9    3.4  0.091    3.0    0.0 
      0 2008  358  10910   -8.3    6.5  0.117    2.8    0.0 
      0 2008  359  10816   -5.4   11.5  0.167    2.4    0.0 
      0 2008  360  10953   -3.3    6.0  0.208    2.1    0.0 
      0 2008  361   8841   -2.3    5.2  0.228    1.5    0.0 
      0 2008  362  10184   -3.5    5.6  0.282    1.6    0.0 
      0 2008  363  10449   -2.4    8.0  0.403    1.8    0.2 
      0 2008  364   9730   -5.6    6.4  0.263    1.8    0.0 
      0 2008  365  11391   -6.6    5.4  0.173    1.8    0.0 
      0 2008  366  11455   -5.7    4.5  0.187    1.5    0.0 
