*---------------------------------------------------------------------------*
*Station name: 35.135916 113.763737
* Column  Daily value
* 1       station number
* 2       year
* 3       day
* 4       irradiation                   (kJ m-2 d-1)
* 5       minimum temperature           (degrees Celsius)
* 6       maximum temperature           (degrees Celsius)
* 7       early morning vapour pressure (kPa)
* 8       mean wind speed (height: 2 m) (m s-1)
* 9       precipitation                 (mm d-1)
*
* era5
* Created by era2cabo, by Alex 
* File created: 2019-05-10 20:28:25.797054
** WCCFORMAT=2
*---------------------------------------------------------------------------*
113.763737  35.135916  50.000000  -0.180000  -0.550000 
      0 1998    1  11289   -4.1   10.7  0.429    2.8    0.0 
      0 1998    2   9819   -2.6   11.2  0.484    1.9    0.0 
      0 1998    3   7250   -3.4   10.5  0.408    2.0    0.0 
      0 1998    4  11252   -6.7    4.3  0.157    3.1    0.0 
      0 1998    5  11877   -4.6    9.3  0.201    3.4    0.0 
      0 1998    6   8240   -4.9    7.2  0.270    1.2    0.0 
      0 1998    7   6945    0.4    7.3  0.441    0.9    0.0 
      0 1998    8  11641   -3.0    9.9  0.473    1.5    0.0 
      0 1998    9   5289   -1.7    6.7  0.590    1.2    0.1 
      0 1998   10   3394    1.9    6.2  0.652    2.5    2.5 
      0 1998   11   5663   -0.1    4.6  0.620    1.1    2.0 
      0 1998   12   3435    0.8    4.7  0.603    1.5    0.6 
      0 1998   13   2874    1.4    4.2  0.600    3.1    0.7 
      0 1998   14   6099   -4.2    2.2  0.414    6.1    2.0 
      0 1998   15   9528   -6.1   -1.4  0.274    3.5    0.0 
      0 1998   16   4279   -5.8   -3.2  0.286    3.4    2.8 
      0 1998   17  12500   -8.3    0.6  0.315    1.8    0.1 
      0 1998   18  12839   -9.2   -0.1  0.233    1.6    0.0 
      0 1998   19  13002  -12.8    0.9  0.172    2.7    0.0 
      0 1998   20  13288   -9.1    4.9  0.224    2.1    0.0 
      0 1998   21  13139   -7.8    7.2  0.262    2.0    0.0 
      0 1998   22  12216   -5.3    5.6  0.331    1.7    0.0 
      0 1998   23  10374   -6.1    3.0  0.277    2.2    0.0 
      0 1998   24  13690   -7.7    3.6  0.268    1.2    0.0 
      0 1998   25  13792   -5.9    7.3  0.297    1.7    0.0 
      0 1998   26  11058   -5.4    8.2  0.325    1.8    0.0 
      0 1998   27  12765   -3.2    7.1  0.369    2.2    0.0 
      0 1998   28  12472   -3.5    4.4  0.377    1.5    0.1 
      0 1998   29  13794   -5.1    7.1  0.382    2.9    0.0 
      0 1998   30  13543   -3.7    8.0  0.436    3.0    0.0 
      0 1998   31   3601   -0.5    3.5  0.392    3.9    1.3 
      0 1998   32   6314   -0.5    5.1  0.527    1.2    0.1 
      0 1998   33   4451   -1.3    5.1  0.610    1.5    1.0 
      0 1998   34  11249   -2.8    7.9  0.466    3.2    0.0 
      0 1998   35  11467   -4.3    7.0  0.420    2.2    0.0 
      0 1998   36  15257   -6.2    9.2  0.307    2.2    0.0 
      0 1998   37  13640   -5.1   12.3  0.277    2.5    0.0 
      0 1998   38  14237   -4.7   12.0  0.257    2.5    0.0 
      0 1998   39  14921   -5.0    7.4  0.294    2.0    0.0 
      0 1998   40  15672   -1.2   13.6  0.326    2.4    0.0 
      0 1998   41  15247   -3.3   11.3  0.381    2.2    0.0 
      0 1998   42  14904    0.5   19.5  0.608    3.0    0.0 
      0 1998   43  13364    3.6   13.2  0.389    6.2    0.0 
      0 1998   44  11193    2.8   11.0  0.364    2.4    0.0 
      0 1998   45  16175   -1.5   11.3  0.446    2.4    0.0 
      0 1998   46  13011    1.1   12.3  0.646    1.9    0.0 
      0 1998   47  14378    4.8   12.9  0.606    4.4    0.0 
      0 1998   48  15193    2.2   10.1  0.375    4.9    0.0 
      0 1998   49   3459    1.7    6.3  0.517    5.3    5.9 
      0 1998   50   3911    1.4    7.4  0.655    1.8    4.2 
      0 1998   51   9005    0.4    9.2  0.724    2.6    0.3 
      0 1998   52  14773    1.4    9.4  0.545    3.7    0.0 
      0 1998   53  17090   -0.7    8.7  0.396    2.4    0.0 
      0 1998   54  15767   -1.6   10.0  0.516    1.6    0.0 
      0 1998   55  16997   -1.5   12.3  0.613    1.0    0.0 
      0 1998   56  16213    1.4   17.3  0.771    2.8    0.0 
      0 1998   57  17231    1.5   17.4  0.623    1.9    0.0 
      0 1998   58  17096    3.9   14.6  0.562    2.9    0.0 
      0 1998   59  17754    1.0   13.5  0.481    1.7    0.0 
      0 1998   60  16514    3.0   14.3  0.536    1.9    0.0 
      0 1998   61  17824    4.7   15.7  0.642    2.0    0.0 
      0 1998   62  15914    4.9   16.8  0.760    1.4    0.0 
      0 1998   63  18043    3.0   17.0  0.767    2.2    0.0 
      0 1998   64   9083    5.7   14.1  0.941    1.3    0.1 
      0 1998   65   8048    7.8   15.1  0.853    3.3    0.0 
      0 1998   66   8308    7.3   12.7  0.410    6.4    0.0 
      0 1998   67   6873    5.8    9.6  0.400    4.3    0.3 
      0 1998   68   3835    2.2    6.3  0.647    3.9   17.2 
      0 1998   69  14537    1.4   10.5  0.564    3.4    1.0 
      0 1998   70  16829   -1.7   13.4  0.619    1.6    0.0 
      0 1998   71  17047    1.5   16.6  0.709    3.0    0.0 
      0 1998   72  19012    3.0   20.2  0.703    3.0    0.0 
      0 1998   73  19951    1.9   13.3  0.578    3.1    0.0 
      0 1998   74  10528    2.9   10.9  0.543    1.8    0.0 
      0 1998   75  20321    2.2   20.0  0.811    2.2    0.0 
      0 1998   76  18321    4.8   20.7  1.047    2.3    0.5 
      0 1998   77   4871   12.6   17.0  1.328    1.8   14.8 
      0 1998   78   9025    1.1   12.6  0.595    2.2    1.4 
      0 1998   79  13597   -0.4    4.7  0.383    1.9    0.0 
      0 1998   80  21253   -1.5   10.4  0.423    2.1    0.0 
      0 1998   81  17251   -1.7   11.9  0.529    1.4    0.0 
      0 1998   82  13229    2.8   10.2  0.663    2.0    0.0 
      0 1998   83  13824    0.4   11.9  0.729    2.2    0.6 
      0 1998   84  15967    1.1   13.6  0.788    1.9    0.0 
      0 1998   85  20006    4.7   18.5  0.925    2.5    0.0 
      0 1998   86  22628    5.5   22.7  1.002    2.8    0.0 
      0 1998   87  22849    6.7   25.7  1.248    2.5    0.0 
      0 1998   88  22187    8.3   23.1  1.356    1.8    2.9 
      0 1998   89  20227   12.6   19.5  0.828    5.0    1.8 
      0 1998   90   1341    2.6   12.5  0.689    6.8   31.0 
      0 1998   91  19088    1.4   10.0  0.636    2.7    0.9 
      0 1998   92  22348    2.0   14.8  0.805    2.8    0.0 
      0 1998   93  17400    4.7   16.0  1.029    1.8    0.0 
      0 1998   94  10241    9.5   18.5  1.269    1.6    0.6 
      0 1998   95  16105    8.6   20.4  1.308    2.7    0.0 
      0 1998   96   7483   10.7   18.3  1.359    2.0    0.9 
      0 1998   97  11519   11.6   17.9  1.363    1.6    1.6 
      0 1998   98  21670    9.0   22.1  1.538    1.5    0.0 
      0 1998   99  23014    9.4   23.2  1.561    1.9    0.0 
      0 1998  100  13296   10.6   22.3  1.705    1.7    1.7 
      0 1998  101   5216   15.4   19.1  1.758    2.2    5.6 
      0 1998  102  24330    9.5   22.8  1.288    2.2    0.1 
      0 1998  103  25006   10.1   25.3  1.020    2.9    0.0 
      0 1998  104  25006    6.7   22.9  0.995    1.7    0.0 
      0 1998  105  24348   10.5   25.8  1.267    3.2    0.0 
      0 1998  106  25810   10.6   24.0  0.772    3.7    0.0 
      0 1998  107  25537    7.7   24.0  1.011    2.3    0.0 
      0 1998  108  24813   11.5   29.2  1.602    2.3    0.0 
      0 1998  109  24867   15.8   31.9  1.958    1.9    0.0 
      0 1998  110  24939   17.5   30.3  1.758    2.5    0.0 
      0 1998  111  22973   15.6   28.8  2.003    1.8    1.9 
      0 1998  112  14282   19.1   27.9  2.391    2.1    4.2 
      0 1998  113   8910   15.2   26.3  2.219    2.7   26.4 
      0 1998  114  25568   10.4   18.2  0.937    4.4    0.4 
      0 1998  115  24917    9.5   20.4  1.057    2.3    0.0 
      0 1998  116  24434   11.7   25.6  1.615    2.0    0.0 
      0 1998  117  12029   18.9   26.7  2.110    2.2    0.7 
      0 1998  118  14944   17.6   29.1  2.409    3.0    6.2 
      0 1998  119   8668   13.9   17.5  1.257    7.4    0.4 
      0 1998  120   4627   13.6   17.0  1.359    3.5    3.2 
      0 1998  121  14840   14.0   24.8  1.860    1.8   24.9 
      0 1998  122  26767   12.0   28.1  1.409    2.8    0.0 
      0 1998  123  25345   13.2   24.0  1.474    1.8    0.0 
      0 1998  124  22732   13.7   25.2  1.725    1.7    0.0 
      0 1998  125  22901   13.6   24.9  1.652    1.5    0.0 
      0 1998  126  18822   16.7   26.4  1.963    1.8    0.0 
      0 1998  127   3527   17.8   22.1  2.018    2.4   15.6 
      0 1998  128  16155   16.1   22.3  1.560    3.8    0.0 
      0 1998  129   2557   10.8   17.0  1.197    2.9   17.0 
      0 1998  130   2159   10.6   12.4  1.265    2.7    9.2 
      0 1998  131  12009   11.8   17.8  1.380    1.5    0.0 
      0 1998  132  18306    9.5   23.1  1.633    2.2    0.0 
      0 1998  133  15384   16.0   23.4  1.788    1.4    0.0 
      0 1998  134  15526   15.1   21.8  1.733    1.8    0.6 
      0 1998  135  21526   12.4   22.4  1.560    2.1    0.0 
      0 1998  136  18159   12.8   25.2  1.739    1.6    0.0 
      0 1998  137  26700   12.9   28.6  1.642    2.5    0.0 
      0 1998  138  25840   15.0   29.1  1.812    1.7    0.0 
      0 1998  139  14316   18.7   27.9  2.221    2.0    0.2 
      0 1998  140  10246   19.9   25.7  2.316    4.2    6.3 
      0 1998  141   1911   19.5   22.0  2.260    3.1   66.9 
      0 1998  142  21507   14.9   24.4  1.499    3.0    0.0 
      0 1998  143   5576   14.3   19.6  1.566    1.8    1.5 
      0 1998  144  24154   12.2   23.9  1.302    2.0    0.0 
      0 1998  145  28835   10.0   26.3  1.219    3.1    0.0 
      0 1998  146  26635   11.8   29.1  1.525    3.0    0.0 
      0 1998  147  20808   17.0   28.5  1.940    2.1    0.3 
      0 1998  148  27881   16.6   25.6  1.532    2.4    0.1 
      0 1998  149  20358   15.2   26.9  1.464    1.9    0.1 
      0 1998  150  21313   15.3   28.8  1.591    1.5    0.0 
      0 1998  151   3916   16.6   20.9  1.702    2.3    8.9 
      0 1998  152   5693   15.9   20.2  1.791    1.1   11.0 
      0 1998  153  27571   15.1   30.1  1.933    1.4    0.0 
      0 1998  154  25936   16.2   31.4  1.816    2.7    0.0 
      0 1998  155  25863   14.1   28.5  1.667    1.9    0.5 
      0 1998  156  21669   17.6   26.5  1.643    2.5    1.0 
      0 1998  157  26559   16.3   28.9  1.767    1.8    0.0 
      0 1998  158  16589   19.5   28.5  2.051    1.7    4.5 
      0 1998  159  15761   18.9   27.0  2.197    1.0    1.9 
      0 1998  160  26890   17.1   29.7  1.965    1.7    0.0 
      0 1998  161  28018   18.1   30.8  2.034    1.6    0.0 
      0 1998  162  25398   18.4   30.1  2.101    1.9    0.2 
      0 1998  163   5009   19.7   23.2  2.187    2.6   16.2 
      0 1998  164  18326   17.7   26.8  1.978    1.6    0.0 
      0 1998  165  26525   18.0   30.3  2.051    2.2    0.0 
      0 1998  166  24356   20.3   32.2  2.395    2.9    0.0 
      0 1998  167  22612   21.9   34.1  2.700    0.9    0.1 
      0 1998  168  16755   24.2   34.4  2.672    2.6    0.0 
      0 1998  169  20949   20.5   32.5  1.922    2.0    0.0 
      0 1998  170  29769   16.0   33.7  1.319    2.7    0.0 
      0 1998  171  28348   21.4   35.0  1.726    2.4    0.0 
      0 1998  172  26932   23.0   34.6  2.537    2.3    0.0 
      0 1998  173  23473   23.4   33.4  2.334    2.6    0.0 
      0 1998  174  22891   21.9   31.4  2.182    1.9    0.0 
      0 1998  175  21598   21.4   31.6  2.198    1.6    0.0 
      0 1998  176  21670   21.8   31.7  2.274    0.6    0.1 
      0 1998  177  25693   21.7   34.7  2.198    2.7    0.0 
      0 1998  178  26147   23.9   36.5  2.335    1.7    0.3 
      0 1998  179  27116   23.4   36.5  2.663    2.0    0.0 
      0 1998  180  19404   26.0   33.4  2.854    2.3    3.6 
      0 1998  181  23021   23.9   34.3  2.503    1.9    0.1 
      0 1998  182  17901   24.4   33.8  2.624    2.8    2.1 
      0 1998  183  27688   22.4   33.4  2.277    1.5    0.0 
      0 1998  184  25820   21.6   33.1  2.475    1.9    0.0 
      0 1998  185  17409   24.0   31.3  2.860    2.1    3.3 
      0 1998  186  13338   24.5   30.4  3.016    2.5   11.7 
      0 1998  187  15215   25.7   33.0  3.169    3.3    4.5 
      0 1998  188   4078   23.2   28.3  2.989    1.4   20.9 
      0 1998  189   5716   21.7   25.4  2.577    2.8   21.0 
      0 1998  190   9015   21.3   26.0  2.355    2.2    4.6 
      0 1998  191  16865   22.4   30.8  2.745    1.5    9.6 
      0 1998  192  22154   24.1   33.4  3.276    1.7    6.2 
      0 1998  193  14138   24.1   30.4  3.084    3.4   19.1 
      0 1998  194  20775   24.6   34.2  3.405    1.9    3.2 
      0 1998  195  18527   26.9   34.2  3.551    1.9    0.1 
      0 1998  196  18528   27.2   34.4  3.569    1.5    3.8 
      0 1998  197   9661   25.7   30.5  3.238    1.2   12.3 
      0 1998  198  19279   24.1   31.9  3.173    1.1    2.0 
      0 1998  199  23676   24.0   33.2  3.119    2.2    0.1 
      0 1998  200  25215   24.7   35.4  3.439    0.5    0.0 
      0 1998  201  24833   26.3   35.5  3.311    1.9    0.0 
      0 1998  202  21481   25.7   34.8  3.359    1.5   10.5 
      0 1998  203  19858   25.1   32.0  3.047    2.8    1.1 
      0 1998  204  18857   25.4   31.2  2.823    2.9    0.0 
      0 1998  205  21155   22.4   31.0  2.885    1.4    0.1 
      0 1998  206  23501   23.4   32.3  2.973    1.9    0.1 
      0 1998  207  22685   23.4   32.2  2.927    1.4    0.1 
      0 1998  208  16412   24.2   30.9  2.826    1.2    0.0 
      0 1998  209  13510   24.3   29.6  2.974    1.5   23.9 
      0 1998  210  14165   23.1   30.6  3.068    2.0    1.0 
      0 1998  211  17082   24.2   29.6  3.064    2.2    3.4 
      0 1998  212  20025   22.6   31.3  2.884    1.1    0.3 
      0 1998  213  22382   23.9   31.9  2.995    1.4    0.9 
      0 1998  214  19092   25.5   33.5  3.195    1.3    0.2 
      0 1998  215  15407   23.9   30.1  3.118    1.4   27.2 
      0 1998  216   5920   24.4   29.0  3.122    1.7   44.2 
      0 1998  217  17502   22.5   31.6  3.230    1.6    0.1 
      0 1998  218  12955   23.7   30.7  3.184    1.5   14.5 
      0 1998  219  16247   23.2   28.4  2.675    1.2   26.6 
      0 1998  220  24016   21.5   32.0  3.036    2.7    0.0 
      0 1998  221  10385   24.4   30.6  3.259    1.4    3.0 
      0 1998  222  24217   22.2   31.6  2.829    2.6    8.0 
      0 1998  223  16776   22.3   32.4  2.912    2.2    0.0 
      0 1998  224  22500   22.6   31.3  3.001    2.6    0.0 
      0 1998  225  17185   24.9   32.3  3.413    1.9    0.2 
      0 1998  226   3288   23.5   27.5  3.018    2.0   53.9 
      0 1998  227   8523   22.7   27.9  2.582    1.9    3.0 
      0 1998  228  19228   21.1   29.0  2.550    1.3    0.0 
      0 1998  229  21504   21.0   29.9  2.570    1.0    0.0 
      0 1998  230  23430   21.7   30.6  2.757    1.8    0.0 
      0 1998  231  24342   21.7   31.8  2.909    2.3    0.0 
      0 1998  232  15052   23.8   27.9  2.711    4.5    0.5 
      0 1998  233   3230   22.2   25.2  2.548    3.7   45.0 
      0 1998  234  16377   20.5   26.7  2.508    2.3   43.6 
      0 1998  235  19673   19.5   30.2  2.782    1.8    0.0 
      0 1998  236   7004   24.3   29.9  3.166    1.7    5.6 
      0 1998  237  14739   22.3   28.8  2.683    1.7    2.0 
      0 1998  238   3054   19.1   24.3  2.569    1.4    7.8 
      0 1998  239  15902   17.8   27.8  2.462    1.5    0.5 
      0 1998  240  18015   19.0   28.1  2.447    1.3    0.0 
      0 1998  241  21769   19.1   30.4  2.511    1.9    0.0 
      0 1998  242  16846   19.9   27.7  2.442    2.2    7.6 
      0 1998  243  11964   19.1   25.5  2.138    2.1    0.3 
      0 1998  244  17685   18.5   26.8  2.250    1.5    0.1 
      0 1998  245  17312   19.4   28.7  2.524    1.2    0.4 
      0 1998  246  20188   20.6   30.1  2.712    2.2    0.2 
      0 1998  247  20091   21.7   31.4  2.574    2.6    0.0 
      0 1998  248  22810   19.7   32.4  2.644    2.5    0.0 
      0 1998  249  22468   21.4   33.2  2.844    1.8    0.0 
      0 1998  250  21629   23.0   32.9  2.965    1.7    0.0 
      0 1998  251  19911   21.8   31.8  2.772    1.5    0.0 
      0 1998  252  20761   21.8   31.8  2.469    1.6    0.1 
      0 1998  253  22633   20.0   30.9  2.327    1.8    0.0 
      0 1998  254  19760   20.5   29.5  2.263    1.2    0.2 
      0 1998  255  18113   20.8   29.7  2.273    1.7    0.2 
      0 1998  256  14123   22.6   29.7  2.720    1.4    1.6 
      0 1998  257  18183   22.6   32.5  2.501    2.8    1.5 
      0 1998  258   8632   19.7   24.6  1.345    5.8    0.0 
      0 1998  259  15258   17.4   23.6  1.377    2.0    0.0 
      0 1998  260  18327   17.4   27.9  1.787    2.2    0.0 
      0 1998  261  13366   22.0   28.7  2.167    1.9    0.2 
      0 1998  262   6167   19.4   25.7  1.895    2.8    1.2 
      0 1998  263  20975   15.5   26.4  1.485    1.8    1.0 
      0 1998  264  21694   11.4   27.0  1.217    1.7    0.0 
      0 1998  265  12116   14.1   25.8  1.405    0.9    0.0 
      0 1998  266  19840   16.2   27.0  1.534    1.8    0.0 
      0 1998  267  20376   16.2   28.0  1.640    1.7    0.0 
      0 1998  268   9156   18.4   26.8  1.866    2.3    0.0 
      0 1998  269  17271   17.6   29.5  2.001    1.9    0.0 
      0 1998  270  19180   16.7   28.9  1.803    1.4    0.0 
      0 1998  271  19673   17.4   29.2  1.679    1.5    0.0 
      0 1998  272  20145   15.3   29.9  1.460    1.3    0.0 
      0 1998  273  20133   14.5   30.9  1.320    2.3    0.0 
      0 1998  274  19099   15.7   33.1  1.338    2.4    0.0 
      0 1998  275  17914   20.7   27.8  0.737    5.0    0.0 
      0 1998  276   7964   17.2   23.8  1.244    1.6    0.0 
      0 1998  277  12221   17.2   25.4  1.716    1.2    0.0 
      0 1998  278  14393   16.4   26.8  1.695    1.2    0.0 
      0 1998  279  11681   18.5   27.0  1.715    1.0    0.0 
      0 1998  280  17279   14.7   27.9  1.702    1.4    0.0 
      0 1998  281  17714   15.7   30.0  1.749    1.6    0.0 
      0 1998  282  10770   18.3   26.6  1.746    1.6    0.1 
      0 1998  283  14916   16.8   26.6  1.648    2.1    0.2 
      0 1998  284   3496   17.5   21.7  1.658    2.5    0.0 
      0 1998  285  11184   17.6   24.9  1.667    2.3    0.3 
      0 1998  286   6375   16.6   23.7  1.670    2.1    2.5 
      0 1998  287  18121    9.4   23.9  0.671    3.0    0.0 
      0 1998  288  17535    9.8   26.1  0.954    1.5    0.0 
      0 1998  289  16112   10.8   25.6  1.187    1.6    0.6 
      0 1998  290  17310   12.0   24.7  0.900    2.4    0.1 
      0 1998  291  16979    8.0   25.5  0.777    2.2    0.0 
      0 1998  292  14174   11.9   20.7  0.658    2.1    0.0 
      0 1998  293  16306   10.6   22.5  0.786    1.6    0.0 
      0 1998  294  13191   11.6   23.4  1.009    1.5    0.0 
      0 1998  295  14586   13.7   24.5  1.105    1.8    0.0 
      0 1998  296  14944   10.5   23.5  1.127    2.0    0.0 
      0 1998  297  12734   12.4   22.4  1.235    2.2    0.1 
      0 1998  298   9400   12.0   19.0  1.141    2.8    0.7 
      0 1998  299  15884    5.8   19.9  0.651    1.8    0.0 
      0 1998  300  10254    6.6   17.3  0.694    2.1    0.0 
      0 1998  301  10678   11.5   19.4  1.024    2.8    2.2 
      0 1998  302   7442   11.2   19.1  1.153    1.8    0.1 
      0 1998  303  14615    6.8   25.1  1.010    2.3    0.0 
      0 1998  304  13287   11.5   20.4  0.693    1.9    0.0 
      0 1998  305  14765    7.3   23.7  0.691    3.1    0.0 
      0 1998  306  14905    8.6   22.2  0.615    2.7    0.0 
      0 1998  307  14230    8.5   24.1  0.764    2.8    0.0 
      0 1998  308  14475   10.5   18.9  0.495    4.8    0.0 
      0 1998  309  13423    6.9   18.6  0.813    2.1    0.0 
      0 1998  310  14161    6.7   21.8  0.777    1.8    0.0 
      0 1998  311  13569    7.6   21.9  0.672    2.3    0.0 
      0 1998  312  12965   11.0   25.5  0.621    3.3    0.0 
      0 1998  313  13285    8.5   18.4  0.628    3.3    0.0 
      0 1998  314  13147    6.7   19.3  0.733    2.1    0.0 
      0 1998  315  13175    6.0   22.6  0.759    1.5    0.0 
      0 1998  316   9542    7.3   22.7  0.758    2.7    0.0 
      0 1998  317  12790    8.5   24.7  0.901    2.7    0.0 
      0 1998  318  12656    8.3   24.6  0.964    2.1    0.0 
      0 1998  319  12012   10.1   21.3  1.036    3.0    0.0 
      0 1998  320   8278    4.9   15.6  0.752    2.7    0.0 
      0 1998  321  12963   -0.8   10.9  0.313    2.1    0.0 
      0 1998  322  12510    0.0    7.4  0.278    2.4    0.0 
      0 1998  323  12381   -1.1   11.9  0.387    1.9    0.0 
      0 1998  324  11608    0.1   16.7  0.527    2.2    0.0 
      0 1998  325  11843    5.5   20.6  0.529    2.3    0.0 
      0 1998  326  11879    1.3   13.3  0.655    2.3    0.0 
      0 1998  327  11499    2.8   10.8  0.636    2.4    0.0 
      0 1998  328  10338    1.0    8.0  0.508    3.9    0.3 
      0 1998  329   2915    1.6    5.4  0.573    1.7    4.2 
      0 1998  330   4947    1.8    9.0  0.704    1.0    3.4 
      0 1998  331  11484    1.6   15.3  0.684    1.5    0.0 
      0 1998  332  10951    0.3   12.9  0.598    1.8    0.0 
      0 1998  333   9981    3.2   15.6  0.744    1.8    0.0 
      0 1998  334  10896    3.4   12.4  0.693    3.0    0.0 
      0 1998  335   2683   -2.3    5.7  0.457    7.2    6.3 
      0 1998  336   5790   -5.1   -0.3  0.261    2.4    0.1 
      0 1998  337  11052   -4.7    5.0  0.415    2.7    0.0 
      0 1998  338  10758   -3.1   10.9  0.561    2.6    0.0 
      0 1998  339   9939   -3.1    5.3  0.471    2.2    0.0 
      0 1998  340   5557   -3.4    5.7  0.481    2.2    0.0 
      0 1998  341  11216   -2.2    9.1  0.361    2.1    0.0 
      0 1998  342  10354   -3.9    7.4  0.412    1.7    0.0 
      0 1998  343  10664   -3.5    7.4  0.458    1.9    0.0 
      0 1998  344   7765   -3.5   10.0  0.381    1.5    0.0 
      0 1998  345  10835   -4.3    8.2  0.373    1.3    0.0 
      0 1998  346  10743   -2.2   13.6  0.417    2.9    0.0 
      0 1998  347  10520   -0.8   15.5  0.411    2.7    0.0 
      0 1998  348  10920    1.1   12.9  0.332    3.2    0.0 
      0 1998  349  10709   -1.0   16.0  0.345    3.1    0.0 
      0 1998  350  10829   -2.2   14.7  0.381    1.3    0.0 
      0 1998  351   9492    0.3   15.0  0.439    1.2    0.0 
      0 1998  352  10268    3.4   16.3  0.551    1.4    0.0 
      0 1998  353  10391    0.8   14.1  0.578    1.2    0.0 
      0 1998  354  10341    3.7   14.7  0.602    1.3    0.0 
      0 1998  355   9621    3.5   14.4  0.693    1.9    0.0 
      0 1998  356  10133    1.4   12.5  0.481    1.5    0.0 
      0 1998  357   9896   -0.9   11.8  0.456    2.6    0.0 
      0 1998  358  10279   -0.6    9.3  0.418    1.7    0.0 
      0 1998  359  10446   -0.7   13.8  0.506    2.0    0.0 
      0 1998  360   9941    3.0   11.0  0.489    1.5    0.0 
      0 1998  361  10676   -1.0   15.5  0.542    1.5    0.0 
      0 1998  362   9628    2.1   13.6  0.486    1.8    0.0 
      0 1998  363  10926   -1.2    8.0  0.331    1.7    0.0 
      0 1998  364   9405    1.3    8.6  0.509    1.8    0.3 
      0 1998  365   9883   -1.1    7.7  0.590    1.6    0.0 
