*---------------------------------------------------------------------------*
*Station name: 35.135916 113.763737
* Column  Daily value
* 1       station number
* 2       year
* 3       day
* 4       irradiation                   (kJ m-2 d-1)
* 5       minimum temperature           (degrees Celsius)
* 6       maximum temperature           (degrees Celsius)
* 7       early morning vapour pressure (kPa)
* 8       mean wind speed (height: 2 m) (m s-1)
* 9       precipitation                 (mm d-1)
*
* era5
* Created by era2cabo, by Alex 
* File created: 2019-05-08 16:38:49.538362
** WCCFORMAT=2
*---------------------------------------------------------------------------*
113.763737  35.135916  50.000000  -0.180000  -0.550000 
      0 2016    1   7291    0.0   12.3  0.554    3.1    0.0 
      0 2016    2  11103   -1.5   16.3  0.560    2.1    0.0 
      0 2016    3   9879   -0.0   12.5  0.607    1.6    0.0 
      0 2016    4   6824    1.6    6.4  0.543    3.8    0.0 
      0 2016    5   6240    0.0    4.6  0.431    2.2    0.0 
      0 2016    6  10484   -1.3    8.6  0.546    1.7    0.0 
      0 2016    7   5967   -1.0    3.8  0.485    1.4    0.1 
      0 2016    8  11490   -5.3    5.7  0.415    1.5    0.0 
      0 2016    9  11225   -4.1    7.5  0.415    2.0    0.0 
      0 2016   10  10441   -4.3    6.6  0.468    2.3    0.0 
      0 2016   11   5931   -3.3    1.5  0.332    4.5    0.1 
      0 2016   12  11092   -6.1    2.1  0.272    1.6    0.0 
      0 2016   13  12557   -7.1    7.9  0.244    1.8    0.0 
      0 2016   14  12747   -7.4    8.2  0.185    2.2    0.0 
      0 2016   15  12530   -5.5    9.7  0.266    1.9    0.0 
      0 2016   16   6698   -3.6    6.8  0.347    1.7    0.0 
      0 2016   17  10304   -3.1    3.4  0.399    2.5    0.0 
      0 2016   18  12914   -6.2    4.5  0.301    1.5    0.0 
      0 2016   19  12955   -7.3    3.5  0.233    1.7    0.0 
      0 2016   20   9965   -3.2    3.9  0.313    1.7    0.1 
      0 2016   21  11135   -3.4    4.9  0.370    1.8    0.0 
      0 2016   22   5750   -6.8    0.2  0.334    3.1    1.0 
      0 2016   23  13416   -9.3   -1.2  0.139    4.1    0.0 
      0 2016   24  13860  -10.2    1.1  0.090    3.1    0.0 
      0 2016   25  13912   -8.6    6.0  0.125    3.5    0.0 
      0 2016   26  13937   -5.2    6.1  0.151    2.3    0.0 
      0 2016   27  13346   -5.9    7.3  0.269    1.4    0.0 
      0 2016   28  13143   -4.0    8.6  0.329    2.2    0.0 
      0 2016   29  13617   -2.5    5.9  0.326    3.6    0.0 
      0 2016   30   4606   -2.7    0.0  0.349    3.3    0.6 
      0 2016   31   7938   -5.3    0.6  0.335    1.6    0.4 
      0 2016   32  13928   -6.4    5.7  0.319    1.5    0.0 
      0 2016   33  14585   -6.1    7.8  0.244    1.8    0.0 
      0 2016   34  14187   -4.6    9.5  0.297    1.0    0.0 
      0 2016   35  14223   -2.8    9.7  0.384    1.1    0.0 
      0 2016   36  13947   -3.8    9.1  0.271    2.5    0.0 
      0 2016   37  15150   -5.7    9.8  0.173    2.6    0.0 
      0 2016   38  15290   -3.9   12.0  0.192    3.0    0.0 
      0 2016   39  15157   -1.4   18.5  0.313    2.8    0.0 
      0 2016   40  15334   -1.7   15.5  0.376    2.1    0.0 
      0 2016   41  10732    3.2   14.8  0.488    2.6    0.0 
      0 2016   42   3546    6.2   11.8  0.567    2.2    0.0 
      0 2016   43   1974    5.2   10.2  0.739    2.1   13.0 
      0 2016   44   4921    1.5    7.0  0.739    1.5    7.5 
      0 2016   45  12585   -4.6    6.2  0.409    1.2    0.8 
      0 2016   46  16792   -4.3    9.0  0.215    3.3    0.0 
      0 2016   47  16753   -1.6   12.5  0.243    3.2    0.0 
      0 2016   48  15551   -4.6   12.8  0.320    2.3    0.0 
      0 2016   49  13367   -3.0   13.7  0.356    1.5    0.0 
      0 2016   50  17138   -0.2   13.0  0.290    2.7    0.0 
      0 2016   51  17330   -2.0    8.4  0.239    2.4    0.0 
      0 2016   52  10439   -3.4    8.0  0.372    1.6    0.6 
      0 2016   53  16638   -0.2   13.3  0.545    2.0    0.0 
      0 2016   54  14127   -0.4    7.7  0.349    3.1    0.0 
      0 2016   55  17572   -3.3   10.9  0.331    2.0    0.0 
      0 2016   56  17452   -2.4   16.8  0.397    2.1    0.0 
      0 2016   57  18235   -1.8   15.5  0.356    2.4    0.0 
      0 2016   58  17732   -0.9   14.5  0.381    2.5    0.0 
      0 2016   59  16775    1.6   11.2  0.445    3.0    0.0 
      0 2016   60  18815   -1.3    9.9  0.314    2.3    0.0 
      0 2016   61  18275    0.5   15.1  0.404    1.4    0.0 
      0 2016   62  18754    2.1   22.3  0.472    2.8    0.0 
      0 2016   63  18983    4.2   24.4  0.542    2.8    0.0 
      0 2016   64  15433    8.0   21.9  0.867    1.2    0.1 
      0 2016   65  19337    4.1   16.6  0.577    1.9    0.0 
      0 2016   66  14008    5.6   16.6  0.522    1.6    0.2 
      0 2016   67  13591    5.1   17.3  0.538    3.6    1.8 
      0 2016   68  15887    3.8   10.2  0.271    6.2    0.0 
      0 2016   69  13690    0.1    7.0  0.245    3.3    0.0 
      0 2016   70  20903   -2.9   10.1  0.259    1.8    0.0 
      0 2016   71  21302   -4.8   12.8  0.208    2.2    0.0 
      0 2016   72  15958    1.7   14.6  0.540    1.7    0.0 
      0 2016   73  21071    3.2   15.0  0.435    2.9    0.0 
      0 2016   74  21411    0.8   16.3  0.330    2.1    0.0 
      0 2016   75  12240    5.3   15.0  0.515    1.0    0.0 
      0 2016   76  18152    2.8   18.2  0.644    1.2    0.1 
      0 2016   77  18120    8.8   21.5  0.760    2.1    0.0 
      0 2016   78  19377    8.0   23.7  0.843    1.6    0.0 
      0 2016   79  20522    6.9   23.5  0.907    2.5    0.0 
      0 2016   80  20030   10.8   20.4  0.637    4.9    0.0 
      0 2016   81  21362    7.2   20.0  0.510    2.6    0.0 
      0 2016   82  15966    7.6   20.2  0.599    2.2    0.1 
      0 2016   83  19110    9.0   16.3  0.520    4.7    0.0 
      0 2016   84  15927    6.8   15.0  0.468    1.4    0.0 
      0 2016   85  12708    7.1   14.1  0.622    1.3    0.3 
      0 2016   86  20212    2.2   17.9  0.581    1.6    0.3 
      0 2016   87  23544    2.0   21.6  0.338    2.5    0.0 
      0 2016   88  20813    6.6   26.1  0.533    3.7    0.0 
      0 2016   89  19222   11.0   22.9  0.510    2.8    0.0 
      0 2016   90  18823   10.0   25.3  0.690    2.1    0.0 
      0 2016   91  21864   10.7   26.6  0.977    3.6    0.0 
      0 2016   92  22432   11.2   29.0  1.147    2.4    0.0 
      0 2016   93  19157   15.4   19.4  0.870    6.7    0.0 
      0 2016   94   9861    9.5   17.3  0.731    4.6    1.8 
      0 2016   95  17330    7.5   19.1  0.754    2.5    0.1 
      0 2016   96  14522    9.0   22.0  1.099    2.0    0.0 
      0 2016   97   5206   12.2   17.6  1.520    1.6    1.3 
      0 2016   98  23759    9.0   27.0  1.149    2.0    0.0 
      0 2016   99  22306   10.3   25.6  0.894    2.4    0.0 
      0 2016  100  23707   10.1   29.0  0.836    2.2    0.0 
      0 2016  101  24111   12.4   24.9  0.809    3.9    0.0 
      0 2016  102  21656   12.2   21.3  0.801    3.4    0.0 
      0 2016  103  20437   12.6   28.2  1.323    1.6    0.4 
      0 2016  104  24192    9.3   28.7  0.889    2.8    0.0 
      0 2016  105  22151   13.7   26.6  0.991    3.0    0.0 
      0 2016  106  20477   14.3   27.3  1.334    2.3    0.5 
      0 2016  107  16924   14.2   21.0  1.305    3.3    7.5 
      0 2016  108  17361   10.1   22.7  0.922    3.0    0.0 
      0 2016  109  25661    8.0   21.8  0.889    2.9    0.0 
      0 2016  110  19725   10.7   24.5  1.284    2.1    0.0 
      0 2016  111  12757   13.9   23.4  1.376    2.4    0.0 
      0 2016  112  25509   12.3   30.6  1.214    3.5    0.0 
      0 2016  113  24480   12.0   26.7  0.758    3.9    0.0 
      0 2016  114  15100   15.7   22.5  1.096    2.8    0.6 
      0 2016  115  22340   11.9   24.8  1.370    2.6    0.0 
      0 2016  116  14958   11.9   23.3  1.322    1.6    0.0 
      0 2016  117  13318   14.1   22.0  1.426    2.5    0.4 
      0 2016  118  16238   11.8   22.3  1.265    1.4    0.5 
      0 2016  119  15872   13.8   21.1  1.364    1.4    0.2 
      0 2016  120  25996   11.2   28.5  1.477    3.3    0.0 
      0 2016  121  25079   15.7   33.6  1.767    3.3    0.0 
      0 2016  122  20028   19.7   30.6  1.785    3.0    0.0 
      0 2016  123  19029   13.7   28.5  1.509    2.2    0.0 
      0 2016  124  27636   11.7   27.8  0.722    3.4    0.0 
      0 2016  125  26104   14.4   31.0  1.342    1.9    0.0 
      0 2016  126  19341   19.8   31.9  2.185    1.6    0.1 
      0 2016  127  25622   18.7   27.1  0.942    3.8    0.0 
      0 2016  128  10311   16.9   23.9  0.842    2.9    0.0 
      0 2016  129   7199   14.8   17.9  1.249    1.4    1.5 
      0 2016  130  10533   13.7   20.3  1.376    2.3    2.8 
      0 2016  131  23832   11.2   25.8  1.565    1.8    0.0 
      0 2016  132  26131   15.3   31.2  1.902    3.2    0.0 
      0 2016  133  15060   15.3   29.4  1.473    3.4    0.0 
      0 2016  134  19965   11.0   23.0  0.882    2.3    0.1 
      0 2016  135   2822   14.4   17.1  1.369    1.2   10.4 
      0 2016  136  27026   11.8   26.1  1.091    2.7    0.0 
      0 2016  137  28097   10.0   28.7  0.952    2.6    0.0 
      0 2016  138  25919   14.3   28.3  1.162    2.1    0.0 
      0 2016  139  19549   15.5   27.8  1.416    1.7    0.0 
      0 2016  140  22327   14.4   27.5  1.393    2.4    0.0 
      0 2016  141  19753   18.7   27.0  1.425    2.8    0.0 
      0 2016  142  17635   17.7   27.8  1.463    2.5    0.0 
      0 2016  143  23374   14.0   27.9  1.281    1.5    0.0 
      0 2016  144  14669   19.9   27.8  1.362    3.0    0.0 
      0 2016  145  28282   12.5   29.6  0.980    2.3    0.0 
      0 2016  146  23347   17.9   30.2  1.107    2.8    0.0 
      0 2016  147  10496   17.9   27.6  1.232    2.5    0.0 
      0 2016  148   2857   15.5   20.7  1.536    1.5    4.8 
      0 2016  149  24287   13.2   26.9  1.566    1.1    0.0 
      0 2016  150  28005   14.3   31.6  1.557    1.7    0.0 
      0 2016  151  25723   18.9   32.2  1.821    1.8    0.0 
      0 2016  152  12409   22.2   29.6  2.134    2.4    6.7 
      0 2016  153  22780   21.1   29.1  1.556    4.4    0.0 
      0 2016  154  17271   21.0   28.0  1.579    2.0    0.1 
      0 2016  155   9729   19.7   25.4  1.905    1.1    0.1 
      0 2016  156  24563   16.3   31.0  1.826    2.1    0.1 
      0 2016  157   6726   19.9   23.9  2.201    2.9   58.1 
      0 2016  158  14989   19.1   26.6  2.163    1.6    6.3 
      0 2016  159  15561   20.0   27.5  2.267    1.2   10.1 
      0 2016  160  22751   17.7   28.1  2.226    1.1    0.7 
      0 2016  161  26997   18.7   30.6  2.163    2.3    0.0 
      0 2016  162  24105   21.2   32.3  2.376    2.0    0.0 
      0 2016  163  19751   22.1   29.9  1.815    3.4    1.1 
      0 2016  164  20137   20.5   30.1  1.739    1.3    0.2 
      0 2016  165  22861   20.6   32.5  2.291    1.7    0.3 
      0 2016  166  23486   20.9   35.3  1.894    2.8    0.2 
      0 2016  167  21093   19.7   28.2  1.710    1.9    0.0 
      0 2016  168  27474   17.9   34.6  1.525    2.6    0.0 
      0 2016  169  28526   22.8   35.8  1.577    3.2    0.0 
      0 2016  170  27505   21.6   34.4  2.070    1.9    0.0 
      0 2016  171  23071   24.4   36.1  2.271    2.6    0.1 
      0 2016  172  24736   24.2   36.0  2.585    1.9    0.0 
      0 2016  173  22145   24.9   35.8  2.732    1.2    0.0 
      0 2016  174  24681   26.4   38.2  2.609    1.5    1.1 
      0 2016  175   5753   19.6   31.0  2.489    3.7   28.2 
      0 2016  176  23114   16.5   31.2  1.873    1.2    0.0 
      0 2016  177  28688   19.0   33.0  1.616    1.8    0.0 
      0 2016  178  24057   19.5   32.7  1.739    2.2    0.0 
      0 2016  179  26635   19.4   32.3  1.934    3.3    0.0 
      0 2016  180  26086   20.0   33.2  2.295    2.7    0.0 
      0 2016  181  26436   21.8   35.6  2.547    2.4    0.0 
      0 2016  182  11115   23.8   32.1  2.772    1.7    0.0 
      0 2016  183  22740   23.6   34.1  2.402    3.0    0.1 
      0 2016  184  24369   23.4   33.8  2.485    2.0    0.2 
      0 2016  185  22289   23.2   33.4  2.449    1.9    0.0 
      0 2016  186  19570   24.7   32.0  2.404    2.2    0.7 
      0 2016  187  20749   22.5   31.8  2.203    2.0    0.2 
      0 2016  188  23536   22.5   33.4  2.047    2.6    0.0 
      0 2016  189  11831   24.4   31.5  2.662    2.4    1.8 
      0 2016  190  16736   24.5   32.8  2.842    2.7    2.4 
      0 2016  191   8372   24.5   30.5  2.977    2.9   12.5 
      0 2016  192  14224   24.2   31.4  2.854    2.2    4.6 
      0 2016  193  21161   24.2   33.2  2.764    1.3    0.1 
      0 2016  194  18620   25.9   35.7  2.839    2.7    0.9 
      0 2016  195  16862   23.6   31.7  2.468    3.2    0.0 
      0 2016  196   3581   23.2   27.0  2.708    2.4   17.7 
      0 2016  197  15021   21.1   27.3  2.294    2.9   12.8 
      0 2016  198  10249   20.3   28.1  2.520    1.7    0.7 
      0 2016  199  13190   21.3   28.9  2.710    2.5    0.5 
      0 2016  200  15914   22.9   30.3  2.854    3.2    0.9 
      0 2016  201   2463   22.6   25.4  2.768    4.4   83.0 
      0 2016  202  10159   23.3   28.9  2.764    1.7    4.4 
      0 2016  203  15547   24.1   31.9  3.076    1.6    0.1 
      0 2016  204  24622   24.5   35.1  3.505    1.3    0.0 
      0 2016  205  21003   27.8   34.7  3.622    1.8    0.3 
      0 2016  206  20742   26.8   34.3  3.574    1.8    0.7 
      0 2016  207  20985   27.9   35.1  3.435    2.9    0.1 
      0 2016  208  23768   24.6   34.6  2.824    1.5    0.0 
      0 2016  209   9899   25.6   31.1  2.949    1.8    0.1 
      0 2016  210  25840   23.9   36.3  2.953    2.2    0.0 
      0 2016  211  25567   25.4   36.2  3.312    1.1    0.0 
      0 2016  212  19240   27.3   35.3  3.368    1.7    0.7 
      0 2016  213  21451   25.7   34.2  3.171    1.8    6.1 
      0 2016  214  14389   25.8   32.7  3.158    2.0   12.7 
      0 2016  215  16841   24.9   31.3  3.015    2.7    9.5 
      0 2016  216  21342   24.9   31.0  2.726    2.9    0.2 
      0 2016  217  15978   23.2   30.0  2.779    1.9   10.0 
      0 2016  218  16716   22.6   30.7  2.814    1.8   14.7 
      0 2016  219  14746   23.3   29.3  2.895    1.7    7.5 
      0 2016  220  16845   23.9   31.0  2.965    2.5    3.2 
      0 2016  221  18652   23.9   29.9  2.576    4.1    0.1 
      0 2016  222  14272   23.4   30.7  2.814    1.9    0.5 
      0 2016  223  20614   24.7   32.4  3.106    1.6    0.6 
      0 2016  224  19006   25.6   33.3  3.364    1.3    0.2 
      0 2016  225  19585   26.0   34.5  3.502    1.3    1.2 
      0 2016  226  19912   26.7   34.5  3.464    1.8    0.8 
      0 2016  227  14880   26.9   33.5  3.228    3.6    0.9 
      0 2016  228  12221   24.3   30.4  2.556    4.0    0.7 
      0 2016  229   9703   23.4   28.1  2.331    2.8    0.5 
      0 2016  230  12186   23.3   30.6  2.782    1.8    1.0 
      0 2016  231  14932   25.2   33.9  3.259    1.7    3.3 
      0 2016  232  11661   26.9   29.9  3.046    3.4    3.1 
      0 2016  233  19576   24.1   30.9  2.515    3.1    0.5 
      0 2016  234  23228   22.3   31.9  2.469    2.7    0.0 
      0 2016  235  13895   25.5   32.2  2.596    3.2    0.1 
      0 2016  236  15212   25.5   32.3  3.022    1.4    0.5 
      0 2016  237  18272   26.3   34.8  3.330    1.5    0.9 
      0 2016  238   6358   22.6   28.9  2.794    4.4   36.3 
      0 2016  239  16341   19.8   26.9  1.699    3.3    0.0 
      0 2016  240  21639   17.4   28.2  1.887    1.2    0.0 
      0 2016  241  24408   17.3   30.5  1.646    2.1    0.0 
      0 2016  242  22493   17.2   29.4  1.605    1.2    0.0 
      0 2016  243  21322   16.8   30.3  1.617    2.1    0.0 
      0 2016  244  21585   19.1   33.8  1.805    1.9    0.0 
      0 2016  245  23807   19.1   34.1  1.465    2.0    0.0 
      0 2016  246  23813   17.8   35.6  1.325    1.8    0.0 
      0 2016  247  13900   21.1   31.1  1.937    1.8    0.0 
      0 2016  248  17357   22.0   32.8  2.163    1.1    0.0 
      0 2016  249  20404   20.4   33.5  2.094    1.7    0.0 
      0 2016  250  14042   22.8   32.8  2.083    1.3    0.2 
      0 2016  251  22059   20.7   31.3  1.843    1.3    1.3 
      0 2016  252  21733   18.5   34.4  1.527    1.8    0.0 
      0 2016  253  17933   20.3   34.5  1.740    1.5    0.1 
      0 2016  254  21117   21.3   33.5  1.451    1.5    0.0 
      0 2016  255  19968   19.2   32.3  1.682    2.1    0.0 
      0 2016  256  17721   20.9   29.8  2.001    3.0    2.2 
      0 2016  257  12969   20.9   25.8  2.211    1.3   35.7 
      0 2016  258  17396   19.2   29.0  2.335    1.2    0.4 
      0 2016  259  17310   21.9   30.2  2.450    1.0    0.5 
      0 2016  260  19300   19.8   29.8  2.293    1.5    0.1 
      0 2016  261  18421   18.0   30.1  2.080    2.1    0.0 
      0 2016  262  14203   20.1   26.3  2.056    4.8    0.2 
      0 2016  263  16206   18.4   24.7  1.694    3.6    2.2 
      0 2016  264  14665   16.0   24.7  1.469    1.2    0.0 
      0 2016  265  19743   17.2   28.4  1.549    1.3    0.0 
      0 2016  266  20157   16.8   29.7  1.459    1.4    0.0 
      0 2016  267  20149   18.9   31.0  1.491    1.4    0.0 
      0 2016  268  11142   19.1   28.6  1.699    0.9    0.0 
      0 2016  269   6709   18.0   25.8  1.796    0.9    0.1 
      0 2016  270   4532   20.0   25.2  2.038    1.8    8.9 
      0 2016  271  12832   17.7   27.5  1.964    3.5    0.5 
      0 2016  272  15093   15.4   21.4  0.954    5.4    0.0 
      0 2016  273  19754   11.3   22.5  0.974    1.9    0.0 
      0 2016  274  15125   14.3   24.7  1.185    1.1    0.0 
      0 2016  275  16639   14.2   26.9  1.463    1.1    0.3 
      0 2016  276  16559   17.0   28.6  1.926    1.2    0.1 
      0 2016  277  18839   16.6   31.3  1.904    2.2    0.0 
      0 2016  278  18065   17.0   29.7  2.005    1.8    0.0 
      0 2016  279  17732   18.3   27.3  1.353    2.5    0.0 
      0 2016  280   3646   19.2   22.3  1.355    3.0    0.0 
      0 2016  281   5775   14.8   21.7  1.661    1.9    1.2 
      0 2016  282  13292   11.0   22.2  1.037    1.4    0.0 
      0 2016  283   5043   11.5   16.7  0.818    1.8    0.0 
      0 2016  284  10419   10.4   21.3  0.963    2.3    0.0 
      0 2016  285  15905   12.8   23.5  1.088    2.1    0.0 
      0 2016  286   9037   14.4   21.8  1.226    1.1    0.0 
      0 2016  287  14113   14.9   23.6  1.229    2.4    0.0 
      0 2016  288  11380   11.4   21.2  1.264    1.3    0.0 
      0 2016  289   1148   15.2   17.4  1.567    2.0    7.2 
      0 2016  290  14428   13.0   24.6  1.605    1.5    0.0 
      0 2016  291  15794   12.2   26.2  1.546    1.8    0.0 
      0 2016  292  12839   14.9   24.0  1.641    1.4    0.0 
      0 2016  293  15371   12.8   25.2  1.579    1.5    0.0 
      0 2016  294   4477   17.5   21.3  1.902    2.9    2.9 
      0 2016  295   1514   13.9   17.5  1.442    3.0    3.3 
      0 2016  296   6150   11.1   17.3  1.309    5.0    0.2 
      0 2016  297   1817    9.2   11.1  1.000    4.1    4.1 
      0 2016  298   4345    7.7   13.4  0.931    1.2    7.4 
      0 2016  299  13528    6.5   19.2  1.217    1.3    0.3 
      0 2016  300   4128   12.8   17.9  1.384    2.5    1.7 
      0 2016  301   1227   11.6   14.8  1.335    4.6    8.7 
      0 2016  302   4029    9.2   13.9  1.107    1.7    0.0 
      0 2016  303   7170    8.2   14.4  1.004    1.3    0.1 
      0 2016  304  12885    5.2   16.3  0.955    2.5    0.3 
      0 2016  305  10800    4.8   11.7  0.561    4.9    0.0 
      0 2016  306   8007    2.8    9.4  0.648    1.8    0.0 
      0 2016  307  14071    3.6   17.9  0.915    2.2    0.0 
      0 2016  308  14060    4.4   21.1  0.966    2.7    0.0 
      0 2016  309  13909    7.1   23.5  1.061    2.7    0.0 
      0 2016  310  13822    7.6   24.2  1.080    2.6    0.0 
      0 2016  311   3076   10.2   15.8  0.919    5.4    0.7 
      0 2016  312   3271    8.2   11.9  1.045    1.7   12.8 
      0 2016  313   9613    4.5   11.5  0.723    1.4    0.0 
      0 2016  314   7733    3.8   11.1  0.728    1.7    0.0 
      0 2016  315  13206    3.9   18.0  0.725    3.7    0.0 
      0 2016  316  12971    3.9   19.0  0.830    2.4    0.0 
      0 2016  317  12593    6.2   18.3  0.940    1.8    0.0 
      0 2016  318  12451    7.2   18.4  1.020    1.6    0.0 
      0 2016  319  11620    6.9   20.5  0.999    2.7    0.0 
      0 2016  320   7714    6.9   13.9  0.616    2.0    0.0 
      0 2016  321   9543    7.0   17.1  0.883    1.6    0.0 
      0 2016  322   8092    7.6   15.6  1.014    2.0    0.6 
      0 2016  323   7653   10.6   17.0  1.196    1.7    1.0 
      0 2016  324   8535    6.7   17.6  1.161    2.0    0.0 
      0 2016  325   3357    7.5   14.0  1.075    1.5    1.5 
      0 2016  326   2877    1.0   12.0  0.788    6.2    1.7 
      0 2016  327   4036   -1.0    1.3  0.325    3.5    2.5 
      0 2016  328   9832   -3.2    5.1  0.461    1.6    0.0 
      0 2016  329  11115   -4.0    5.7  0.428    2.0    0.0 
      0 2016  330  11044   -3.2    7.7  0.469    1.8    0.1 
      0 2016  331  11768    1.5   13.3  0.491    3.0    0.1 
      0 2016  332  11516   -0.9   14.3  0.476    2.0    0.0 
      0 2016  333  10632    0.0   10.3  0.453    1.5    0.0 
      0 2016  334   5418    2.9    9.6  0.678    1.1    0.2 
      0 2016  335  11210    1.5   15.6  0.616    2.8    0.0 
      0 2016  336  11120    0.1   13.7  0.510    2.0    0.0 
      0 2016  337  10686   -0.4   13.5  0.601    1.9    0.0 
      0 2016  338  10049    4.6   15.6  0.753    3.1    0.0 
      0 2016  339  11014    1.3   17.6  0.673    2.7    0.0 
      0 2016  340   7996    0.8   11.5  0.655    2.2    0.0 
      0 2016  341  11021   -0.9   12.2  0.485    3.4    0.0 
      0 2016  342  10816    0.6   13.9  0.467    1.8    0.0 
      0 2016  343  10453    2.2   17.4  0.530    2.6    0.0 
      0 2016  344  10289    3.1    9.1  0.350    3.9    0.0 
      0 2016  345  10329    0.7    8.7  0.449    1.5    0.0 
      0 2016  346   3219    1.5    6.1  0.624    2.1    1.8 
      0 2016  347   7008    3.6   10.1  0.775    1.3    0.1 
      0 2016  348   5880    2.7    6.5  0.619    4.0    0.3 
      0 2016  349   6102    1.1    5.4  0.489    1.2    0.0 
      0 2016  350  10465   -3.0   11.1  0.483    1.7    0.0 
      0 2016  351  10830   -3.0   10.8  0.487    2.8    0.0 
      0 2016  352  10028   -0.8   13.5  0.577    2.6    0.0 
      0 2016  353  10187    0.1   11.2  0.612    1.9    0.0 
      0 2016  354   9515   -0.3   11.3  0.622    1.4    0.0 
      0 2016  355   2807    1.6    8.4  0.666    2.7    1.9 
      0 2016  356   2235    2.6    6.9  0.785    1.7    9.2 
      0 2016  357  10708   -2.4   12.4  0.552    2.1    0.0 
      0 2016  358   9516   -3.2    8.0  0.484    2.0    0.0 
      0 2016  359   7027    0.8    6.8  0.498    2.0    0.0 
      0 2016  360   3254    1.9    5.0  0.615    2.1    3.4 
      0 2016  361   3800   -0.2    5.0  0.683    1.3    1.9 
      0 2016  362  10927   -4.5    6.4  0.461    1.6    0.0 
      0 2016  363  10389   -2.9    6.1  0.476    1.7    0.0 
      0 2016  364   9889   -4.6    3.9  0.424    1.7    0.0 
      0 2016  365  10485   -2.7    7.3  0.505    2.4    0.0 
      0 2016  366  10733   -2.5   11.6  0.566    1.7    0.0 
