*---------------------------------------------------------------------------*
*Station name: 35.135916 113.763737
* Column  Daily value
* 1       station number
* 2       year
* 3       day
* 4       irradiation                   (kJ m-2 d-1)
* 5       minimum temperature           (degrees Celsius)
* 6       maximum temperature           (degrees Celsius)
* 7       early morning vapour pressure (kPa)
* 8       mean wind speed (height: 2 m) (m s-1)
* 9       precipitation                 (mm d-1)
*
* era5
* Created by era2cabo, by Alex 
* File created: 2019-05-10 23:33:52.304238
** WCCFORMAT=2
*---------------------------------------------------------------------------*
113.763737  35.135916  50.000000  -0.180000  -0.550000 
      0 2000    1   9086   -0.1    8.6  0.510    2.0    0.0 
      0 2000    2  11200   -4.2    9.5  0.405    1.8    0.0 
      0 2000    3   9967   -1.2    8.4  0.443    2.5    0.0 
      0 2000    4   4193    0.5    4.1  0.371    2.6    0.2 
      0 2000    5   5278   -0.6    5.2  0.444    1.6    0.1 
      0 2000    6  11217   -2.5    8.6  0.401    1.6    0.0 
      0 2000    7   7085   -5.8   -0.6  0.197    2.1    0.0 
      0 2000    8  10234   -6.0    3.0  0.307    1.8    0.0 
      0 2000    9  11412   -3.8    7.1  0.432    2.0    0.1 
      0 2000   10   3740   -2.4    2.8  0.508    4.3    6.5 
      0 2000   11   3662   -3.0    0.3  0.485    4.4    7.0 
      0 2000   12  10705   -5.9    1.6  0.415    1.3    0.1 
      0 2000   13   7240   -7.2    1.0  0.386    1.7    0.6 
      0 2000   14   9927   -6.9    1.4  0.405    1.2    1.2 
      0 2000   15   4515   -3.7   -0.2  0.459    1.6    5.0 
      0 2000   16   8346   -4.1    1.9  0.439    1.4    0.8 
      0 2000   17  11496   -6.1    4.1  0.440    1.3    0.1 
      0 2000   18  12777   -9.1    8.8  0.283    1.8    0.0 
      0 2000   19  13256   -9.2    2.9  0.205    1.9    0.0 
      0 2000   20  12943   -8.5    1.5  0.211    2.7    0.0 
      0 2000   21   3844   -4.6   -1.1  0.320    3.2    3.5 
      0 2000   22  12817   -6.3    3.3  0.399    1.4    0.2 
      0 2000   23   8986   -7.3    3.0  0.382    2.0    0.6 
      0 2000   24   9406   -7.7   -1.4  0.310    4.5    0.4 
      0 2000   25  13043   -9.8   -0.3  0.224    1.3    0.0 
      0 2000   26  13521  -11.4    1.4  0.237    1.0    0.0 
      0 2000   27  13814   -8.8    3.3  0.219    1.0    0.0 
      0 2000   28  11991   -6.9    5.8  0.272    2.3    0.0 
      0 2000   29  13662   -6.3    5.8  0.283    1.3    0.0 
      0 2000   30  13876   -8.4    0.8  0.216    1.1    0.0 
      0 2000   31   9400   -7.3   -2.0  0.200    2.3    0.0 
      0 2000   32  13996   -8.6    1.6  0.229    1.4    0.0 
      0 2000   33  14086   -6.0    5.1  0.317    1.5    0.0 
      0 2000   34  14311   -6.4    4.7  0.351    1.4    0.0 
      0 2000   35  11674   -5.4    6.3  0.415    1.5    0.0 
      0 2000   36  14532   -4.1   10.1  0.486    2.3    0.0 
      0 2000   37  14342   -4.6   11.2  0.417    1.6    0.0 
      0 2000   38  15609   -4.2    7.3  0.271    2.5    0.0 
      0 2000   39  15567   -5.6    2.0  0.236    3.3    0.0 
      0 2000   40  13914   -4.2    6.2  0.332    1.7    0.0 
      0 2000   41  15265   -3.4   11.8  0.488    1.8    0.0 
      0 2000   42  14498   -2.4   10.7  0.554    1.5    0.0 
      0 2000   43  14846   -0.8   14.3  0.628    1.5    0.0 
      0 2000   44   5146    2.8    8.8  0.726    1.8    1.8 
      0 2000   45  14200   -1.7   12.0  0.482    1.5    0.0 
      0 2000   46  16371   -2.3    8.1  0.374    2.0    0.0 
      0 2000   47  15917   -3.7    9.7  0.445    1.7    0.0 
      0 2000   48  13555   -1.5   10.6  0.520    2.7    0.0 
      0 2000   49   4200    2.6    5.6  0.557    4.8    2.2 
      0 2000   50   7194    0.4    6.4  0.621    1.8    0.8 
      0 2000   51  12857   -1.1    7.9  0.430    1.0    0.0 
      0 2000   52  10706   -3.3    8.9  0.518    1.3    0.1 
      0 2000   53  11042    1.8    9.5  0.641    1.4    0.1 
      0 2000   54  12148    0.2   10.9  0.589    2.8    0.0 
      0 2000   55   6207    1.5    5.3  0.463    2.3    0.3 
      0 2000   56  18061    0.7   10.9  0.405    4.3    1.0 
      0 2000   57  18513   -2.5   13.4  0.327    2.5    0.0 
      0 2000   58  18493   -3.4   15.4  0.369    2.1    0.0 
      0 2000   59  17972    0.9    9.0  0.361    4.4    0.0 
      0 2000   60  18460   -1.9   12.9  0.493    2.1    0.0 
      0 2000   61  17455    1.0   15.2  0.538    1.7    0.0 
      0 2000   62  15152    2.6   15.7  0.585    1.5    0.0 
      0 2000   63  17052    2.2   17.9  0.669    1.6    0.0 
      0 2000   64  16094    3.2   14.3  0.409    3.7    0.0 
      0 2000   65  17902    0.4   17.6  0.433    2.5    0.0 
      0 2000   66  18866    0.8   13.5  0.357    2.7    0.0 
      0 2000   67  17069    1.8   15.1  0.363    2.1    0.0 
      0 2000   68  19989   -0.3   14.4  0.354    1.3    0.0 
      0 2000   69  19145    1.3   16.5  0.445    1.5    0.0 
      0 2000   70  13539    4.6   14.3  0.541    1.6    0.0 
      0 2000   71  19969    3.0   16.0  0.631    1.8    0.0 
      0 2000   72  19880    2.5   16.1  0.741    2.0    0.0 
      0 2000   73  17248    3.0   16.7  0.777    1.7    0.0 
      0 2000   74  15254    4.9   17.4  0.758    2.3    0.0 
      0 2000   75  19968    6.0   19.7  0.734    1.6    0.0 
      0 2000   76  20496    3.5   20.2  0.541    2.4    0.0 
      0 2000   77  14471    4.3   20.1  0.611    1.9    0.0 
      0 2000   78  20812    6.7   25.6  0.571    2.9    0.0 
      0 2000   79  22134    6.8   15.2  0.328    4.0    0.0 
      0 2000   80  16286    5.3   16.3  0.484    1.2    0.0 
      0 2000   81  15173    6.9   17.7  0.556    3.3    0.0 
      0 2000   82  12556    6.1   15.9  0.697    2.3    0.1 
      0 2000   83  22290    6.2   18.9  0.297    2.9    0.0 
      0 2000   84  23192    1.5   20.0  0.318    2.2    0.0 
      0 2000   85  22832    5.1   23.1  0.341    2.2    0.0 
      0 2000   86  23517    4.6   24.8  0.308    3.7    0.0 
      0 2000   87  19248   10.4   23.9  0.358    5.2    0.0 
      0 2000   88  23742    6.2   21.4  0.326    2.7    0.0 
      0 2000   89  23337    4.8   21.8  0.448    2.4    0.0 
      0 2000   90  22683   10.4   27.0  0.829    2.2    0.0 
      0 2000   91  22561   15.0   24.2  0.555    5.7    0.0 
      0 2000   92   1990    7.9   15.7  0.779    2.7   15.6 
      0 2000   93  17367    4.1   17.1  0.972    1.5    0.1 
      0 2000   94  16649    6.4   19.4  1.071    2.6    0.0 
      0 2000   95  18688    8.0   22.4  0.942    3.8    0.0 
      0 2000   96  24967    6.0   16.2  0.420    2.6    0.0 
      0 2000   97  21206    6.5   23.4  0.735    3.6    0.0 
      0 2000   98  25035    8.4   20.7  0.508    2.4    0.0 
      0 2000   99  19708    6.0   21.6  0.964    1.4    3.7 
      0 2000  100  23857    7.6   26.9  0.952    3.9    0.0 
      0 2000  101  23960    2.2   18.0  0.453    2.5    0.0 
      0 2000  102  23611    4.9   22.9  0.681    3.5    0.0 
      0 2000  103  24892    9.5   29.3  0.977    3.1    0.0 
      0 2000  104  24599   12.0   22.7  0.780    5.7    0.1 
      0 2000  105   8136    6.4   14.9  0.774    4.1    7.4 
      0 2000  106  24712    2.6   20.4  0.773    2.0    0.0 
      0 2000  107  25915    4.6   24.5  0.711    2.5    0.0 
      0 2000  108  24740   10.4   26.7  1.195    1.6    0.1 
      0 2000  109  20953   14.6   24.9  1.656    2.1    1.4 
      0 2000  110  22653   12.4   25.8  1.606    2.4    0.0 
      0 2000  111  19970   15.2   26.0  1.012    3.5    0.0 
      0 2000  112  24622   11.1   28.8  0.732    3.8    0.0 
      0 2000  113  26632   12.0   26.3  0.648    2.4    0.0 
      0 2000  114  26135   10.7   25.0  0.721    2.6    0.0 
      0 2000  115  21937   15.2   29.0  1.301    1.8    0.1 
      0 2000  116  18640   14.6   27.8  0.871    3.1    0.0 
      0 2000  117  25441    9.9   25.2  0.628    1.9    0.0 
      0 2000  118  26464    9.9   26.9  0.823    1.9    0.0 
      0 2000  119  26163   14.9   29.1  1.012    2.5    0.0 
      0 2000  120  17879   15.2   26.7  0.887    2.0    0.0 
      0 2000  121  26886   10.0   30.8  0.757    2.2    0.0 
      0 2000  122  25857   13.4   31.9  0.868    3.0    0.0 
      0 2000  123  26212   15.6   29.9  1.216    2.5    0.0 
      0 2000  124  27273   16.7   32.6  1.102    2.2    0.0 
      0 2000  125  27083   15.5   35.0  1.321    2.5    0.0 
      0 2000  126  22314   17.6   25.6  1.190    6.9    0.0 
      0 2000  127  26431   11.2   24.8  0.975    1.7    0.2 
      0 2000  128  27996   11.2   27.7  0.924    1.9    0.0 
      0 2000  129  18864   14.9   28.2  1.327    1.2    0.1 
      0 2000  130  25392   16.2   29.7  1.439    1.7    0.1 
      0 2000  131  27935   12.6   28.0  1.135    2.2    0.0 
      0 2000  132  14026   14.1   23.9  1.309    2.6   12.1 
      0 2000  133  27414   12.4   29.3  1.202    3.7    0.0 
      0 2000  134  26381   13.5   25.2  1.427    1.8    0.0 
      0 2000  135  19720   16.3   26.2  1.715    2.0    2.0 
      0 2000  136  14293   17.0   23.8  1.760    3.4    0.5 
      0 2000  137  22286   16.3   27.1  1.623    1.4    0.0 
      0 2000  138  21639   16.6   31.2  1.711    2.3    1.8 
      0 2000  139  28509   14.4   30.3  0.741    3.9    0.0 
      0 2000  140  27527   13.1   32.4  0.731    2.6    0.0 
      0 2000  141  28052   14.7   35.6  0.990    2.9    0.0 
      0 2000  142  27351   20.0   38.6  1.164    3.5    0.0 
      0 2000  143  26382   22.0   34.7  1.604    3.0    0.0 
      0 2000  144  22550   22.5   36.2  1.590    1.8    0.0 
      0 2000  145  22520   20.9   35.0  1.813    1.8    0.0 
      0 2000  146  18753   22.9   31.5  2.036    1.7    0.8 
      0 2000  147  17481   19.4   29.0  2.011    2.0    0.7 
      0 2000  148  16398   19.4   26.4  1.715    2.6    0.1 
      0 2000  149  14195   18.8   28.8  1.428    3.6    0.0 
      0 2000  150  14773   15.9   25.4  1.397    2.8    0.0 
      0 2000  151  23572   15.6   31.3  1.684    2.4    0.0 
      0 2000  152  27171   19.1   36.1  2.004    1.8    0.0 
      0 2000  153  16049   22.6   32.1  2.195    4.2    0.0 
      0 2000  154   3693   20.8   24.7  2.105    6.0   23.1 
      0 2000  155   7361   20.0   25.1  1.871    4.2    2.7 
      0 2000  156  22610   16.7   27.8  1.956    1.3    0.2 
      0 2000  157  18991   19.4   29.3  2.114    1.1    0.0 
      0 2000  158  28312   19.5   31.5  1.857    2.0    0.0 
      0 2000  159  21448   19.5   34.9  1.970    3.0    0.0 
      0 2000  160  25355   20.2   35.0  1.858    1.9    0.0 
      0 2000  161  25288   20.1   29.3  1.435    5.1    0.0 
      0 2000  162  25817   20.9   30.8  1.381    2.7    0.0 
      0 2000  163  21057   20.6   31.2  2.029    1.5    1.1 
      0 2000  164  28510   19.7   32.2  1.558    2.7    0.2 
      0 2000  165  29574   16.1   34.1  1.162    2.3    0.0 
      0 2000  166  23566   21.1   36.0  1.621    3.4    0.0 
      0 2000  167  23663   22.5   35.4  1.912    2.7    1.5 
      0 2000  168  25065   22.0   34.0  1.682    2.2    0.0 
      0 2000  169  24539   22.1   33.4  1.701    2.6    0.0 
      0 2000  170  25277   21.0   34.4  1.712    1.6    0.0 
      0 2000  171  16910   23.4   34.5  1.762    1.2    0.0 
      0 2000  172  22312   23.2   34.6  2.053    1.7    1.9 
      0 2000  173  21034   22.1   31.9  2.401    1.6    6.7 
      0 2000  174  13275   21.9   28.1  2.487    1.1    5.5 
      0 2000  175  22675   19.8   31.8  2.375    1.1    0.1 
      0 2000  176  24416   22.4   33.6  2.538    1.6    0.8 
      0 2000  177   3751   23.3   25.3  2.668    4.1   22.5 
      0 2000  178   9669   22.2   27.7  2.534    2.6   12.6 
      0 2000  179  14534   22.7   30.1  2.817    1.9    4.1 
      0 2000  180  11843   22.8   26.9  2.763    1.7    9.5 
      0 2000  181  24820   21.0   31.7  2.819    1.9    0.0 
      0 2000  182  27953   21.3   34.4  2.408    1.8    0.0 
      0 2000  183  25446   22.9   35.3  2.775    1.4    0.5 
      0 2000  184  24690   23.4   32.6  2.731    1.2    0.7 
      0 2000  185   6721   23.1   28.0  2.787    1.6   51.3 
      0 2000  186   4762   22.6   26.2  2.836    1.8   97.0 
      0 2000  187   5807   22.3   27.5  2.876    2.6   88.1 
      0 2000  188   3498   22.6   24.4  2.851    3.3   81.2 
      0 2000  189  15410   22.5   29.0  2.777    2.5   15.8 
      0 2000  190  22815   21.8   31.4  2.778    1.2    0.1 
      0 2000  191  19382   23.6   31.5  2.682    1.2    0.0 
      0 2000  192  22749   22.0   30.4  2.752    1.3    4.0 
      0 2000  193  20097   21.9   31.3  2.802    2.3    0.0 
      0 2000  194  15721   23.6   29.0  2.739    3.5    0.0 
      0 2000  195  20066   22.5   30.9  2.859    1.6    1.4 
      0 2000  196   7930   23.6   26.9  2.918    2.1   28.9 
      0 2000  197   5463   23.0   27.3  2.934    2.8   97.5 
      0 2000  198  16031   23.7   31.6  3.278    1.2   23.9 
      0 2000  199  21620   25.2   33.3  3.438    2.6   11.6 
      0 2000  200  13681   24.0   31.2  3.173    2.8   13.6 
      0 2000  201  16391   24.4   30.7  3.134    2.7    3.1 
      0 2000  202  18291   24.6   31.1  3.306    1.6    1.3 
      0 2000  203  21325   24.8   32.7  3.435    2.9    0.0 
      0 2000  204  11828   26.8   31.3  3.517    1.9    0.7 
      0 2000  205  20282   26.1   33.5  3.335    1.2    0.6 
      0 2000  206  24045   23.5   33.7  3.159    1.4    0.2 
      0 2000  207  22470   25.4   33.2  3.270    1.8    0.2 
      0 2000  208  16343   26.5   32.5  3.475    1.5    6.0 
      0 2000  209  14062   26.4   33.2  3.617    1.7   12.4 
      0 2000  210  17944   25.2   32.4  3.078    2.9    4.2 
      0 2000  211  18149   23.6   31.1  2.623    2.8    0.0 
      0 2000  212  25152   18.5   30.9  2.061    1.7    0.0 
      0 2000  213  24969   19.6   33.3  2.495    1.5    0.0 
      0 2000  214  20263   20.6   31.9  2.771    1.3    0.0 
      0 2000  215  18092   22.9   30.1  2.892    1.5    0.9 
      0 2000  216  16282   23.3   29.3  2.685    2.7    1.7 
      0 2000  217   3758   21.1   24.8  2.538    3.8   20.9 
      0 2000  218   8595   20.7   25.1  2.415    3.1   15.6 
      0 2000  219  10422   21.5   26.1  2.453    1.4    4.6 
      0 2000  220  16263   21.9   28.5  2.714    0.9    0.0 
      0 2000  221  11930   23.4   29.4  3.001    1.4    3.2 
      0 2000  222  16848   23.7   31.1  3.165    1.5    6.4 
      0 2000  223  21659   23.2   32.5  3.228    1.3    0.2 
      0 2000  224  15654   25.1   31.3  3.313    1.9    2.3 
      0 2000  225  16493   24.7   30.4  3.086    2.9    0.9 
      0 2000  226  16295   23.8   30.9  3.011    1.9    0.4 
      0 2000  227  18075   23.3   31.5  3.197    1.1    0.1 
      0 2000  228  15787   23.0   30.8  2.990    1.2    4.7 
      0 2000  229  25463   20.8   33.0  2.673    1.2    0.0 
      0 2000  230  14359   23.5   30.6  2.767    2.3    0.7 
      0 2000  231   8027   22.9   28.4  2.747    2.4    5.6 
      0 2000  232  19049   20.4   29.6  2.587    1.8    0.1 
      0 2000  233  21415   19.6   28.8  2.424    1.6    0.0 
      0 2000  234  21171   21.5   28.8  2.407    1.5    0.0 
      0 2000  235   9969   21.1   27.3  2.488    1.4    0.5 
      0 2000  236  22876   20.3   30.1  2.621    1.4    0.2 
      0 2000  237  21046   21.1   30.9  2.468    3.2    0.1 
      0 2000  238  24478   20.5   31.1  2.154    2.7    0.0 
      0 2000  239  23129   18.9   31.5  2.295    0.8    0.0 
      0 2000  240  23578   19.8   31.5  2.304    1.9    0.0 
      0 2000  241  19982   21.8   29.5  2.398    2.5    1.0 
      0 2000  242  20576   20.5   29.7  2.347    2.2    0.1 
      0 2000  243  14200   21.1   29.1  2.484    2.6    2.2 
      0 2000  244  18163   21.5   29.5  2.449    2.0    0.1 
      0 2000  245  22399   21.3   31.4  2.580    1.3    0.0 
      0 2000  246  19935   21.1   31.3  2.477    2.3    0.0 
      0 2000  247  12521   23.0   29.9  2.481    2.8    0.2 
      0 2000  248  15003   23.6   30.6  2.808    1.2    9.9 
      0 2000  249   4276   15.2   24.8  1.821    6.1   31.6 
      0 2000  250  13022   12.4   23.8  1.422    2.0    0.0 
      0 2000  251  17075   16.7   24.5  1.795    1.6    0.0 
      0 2000  252  21198   14.2   25.4  1.703    1.1    0.0 
      0 2000  253  13610   14.1   24.1  1.631    0.9    0.0 
      0 2000  254  17776   12.0   24.6  1.572    1.1    0.0 
      0 2000  255  17087   12.8   25.4  1.496    1.1    0.0 
      0 2000  256  21346   15.7   27.6  1.578    1.2    0.0 
      0 2000  257  20439   15.3   27.6  1.661    1.9    0.0 
      0 2000  258  19210   15.9   27.6  1.759    1.5    0.1 
      0 2000  259  19591   14.9   28.2  1.814    1.2    0.0 
      0 2000  260  20699   17.1   31.7  1.908    1.6    0.0 
      0 2000  261  20921   15.9   32.0  1.760    1.7    0.0 
      0 2000  262  20218   17.0   31.8  1.994    1.2    0.0 
      0 2000  263  12059   20.0   28.4  2.134    1.1    0.5 
      0 2000  264  12976   19.2   26.6  2.024    3.0    9.1 
      0 2000  265   8856   18.3   23.2  2.012    2.9   15.0 
      0 2000  266  11205   18.1   24.8  2.067    1.4    0.6 
      0 2000  267  12209   19.8   27.4  2.372    1.5    9.5 
      0 2000  268   3520   17.2   21.5  1.939    5.6   20.2 
      0 2000  269  13002   17.9   23.3  1.561    5.1    0.0 
      0 2000  270  10725   17.0   23.2  1.452    3.6    0.3 
      0 2000  271   3747   16.2   20.2  1.419    4.2    1.0 
      0 2000  272  15280   14.1   22.8  1.611    1.4    0.3 
      0 2000  273  16163   15.6   25.0  1.770    1.3    0.0 
      0 2000  274   9206   16.5   23.9  2.006    1.4    0.1 
      0 2000  275   1780   17.9   20.6  2.065    1.1    3.3 
      0 2000  276  15903   16.0   25.1  1.939    0.9    0.0 
      0 2000  277  18403   14.3   25.8  1.738    2.2    0.0 
      0 2000  278  14492   16.6   25.8  1.881    1.6    0.0 
      0 2000  279  11776   16.9   24.3  1.873    1.7    0.5 
      0 2000  280  15034   15.3   25.7  1.786    1.5    0.0 
      0 2000  281  12347   17.0   26.3  2.066    1.5    0.0 
      0 2000  282   7634   15.9   22.4  1.328    5.0    0.6 
      0 2000  283   1515   13.5   16.6  1.279    4.0   13.9 
      0 2000  284   2106   12.8   15.1  1.346    2.2   17.8 
      0 2000  285   2761   11.0   16.1  1.394    3.6   10.9 
      0 2000  286   8818    8.8   13.9  0.841    2.2    0.0 
      0 2000  287   8325    6.4   14.0  0.841    1.1    0.0 
      0 2000  288  16822    7.4   19.3  1.060    2.0    0.0 
      0 2000  289  15751    7.7   20.6  1.110    1.4    0.0 
      0 2000  290   7942   11.6   17.9  1.201    1.5    0.1 
      0 2000  291  16691    8.9   22.0  1.299    1.7    0.0 
      0 2000  292  10389    9.4   18.2  1.301    1.6    0.3 
      0 2000  293   8967   12.1   18.9  1.379    1.8    0.3 
      0 2000  294  12493    9.5   20.5  1.304    2.4    0.0 
      0 2000  295   7750   12.6   19.5  1.383    2.0    0.4 
      0 2000  296   1907   12.5   16.7  1.515    3.1    4.1 
      0 2000  297   5463   12.4   16.7  1.409    1.5    2.0 
      0 2000  298   2651   13.6   16.3  1.520    0.9    9.5 
      0 2000  299   4900    6.5   14.4  0.815    1.9    1.3 
      0 2000  300   8953    5.6   13.6  0.785    1.6    0.0 
      0 2000  301   1364    8.5   11.2  0.958    1.0    2.2 
      0 2000  302   4301    8.8   13.1  1.128    1.2    0.3 
      0 2000  303  14314    5.3   16.7  0.766    2.6    0.0 
      0 2000  304  14939    4.4   16.0  0.816    1.9    0.0 
      0 2000  305  13921    3.9   16.8  0.799    1.4    0.1 
      0 2000  306  14923    1.9   15.7  0.713    2.1    0.0 
      0 2000  307  14612    4.1   18.7  0.897    1.4    0.0 
      0 2000  308  13307    6.0   18.0  1.049    2.0    0.6 
      0 2000  309  14415    7.9   20.7  0.964    2.5    0.0 
      0 2000  310  13706    9.1   21.2  1.021    1.6    0.1 
      0 2000  311   9995   10.2   21.0  0.960    3.0    0.0 
      0 2000  312   3598    1.6   15.2  0.416    6.0    2.0 
      0 2000  313   2798   -0.0    2.6  0.516    3.2    6.2 
      0 2000  314   1746    2.0    3.6  0.605    2.3    4.5 
      0 2000  315   7505    1.7    6.1  0.494    1.9    0.5 
      0 2000  316  11648    0.7    9.0  0.559    2.5    0.0 
      0 2000  317  13537   -2.9   10.8  0.469    1.9    0.0 
      0 2000  318  12580   -0.4   12.2  0.623    2.1    0.0 
      0 2000  319   4011    4.3    9.2  0.748    1.3    0.4 
      0 2000  320   2676    2.0    7.5  0.634    4.7    4.1 
      0 2000  321   8917    0.6    6.3  0.622    2.7    1.1 
      0 2000  322  12022   -0.9   13.7  0.662    1.9    0.0 
      0 2000  323   4661    4.5    9.2  0.716    2.4    0.6 
      0 2000  324   5992    2.6   10.7  0.723    1.6    0.6 
      0 2000  325  12404   -2.2   11.5  0.453    2.4    0.0 
      0 2000  326  11896   -1.6   10.9  0.591    1.5    0.0 
      0 2000  327  11721    0.9   12.6  0.739    2.1    0.0 
      0 2000  328  10585    0.5   12.4  0.796    1.3    0.0 
      0 2000  329   6534    4.2   11.7  0.830    1.8    0.0 
      0 2000  330   9654    3.4   15.0  0.879    1.9    0.0 
      0 2000  331   8725    3.8   11.4  0.784    1.7    0.1 
      0 2000  332  10643    3.2   16.0  0.790    2.0    0.0 
      0 2000  333   5598    3.4   10.2  0.745    2.1    0.1 
      0 2000  334   6123    3.8   11.6  0.845    1.9    0.3 
      0 2000  335   5375    4.8    9.3  0.719    1.9    0.3 
      0 2000  336   6015    2.5    9.9  0.752    1.8    0.4 
      0 2000  337   8903    2.2   13.2  0.743    2.0    0.0 
      0 2000  338  11161    0.8    9.9  0.527    2.0    0.0 
      0 2000  339  11166   -0.9   15.9  0.509    3.1    0.0 
      0 2000  340  10798   -0.2   10.6  0.516    1.4    0.0 
      0 2000  341   9709    1.0   13.0  0.634    1.9    0.0 
      0 2000  342   9380    2.2   12.3  0.750    1.5    0.0 
      0 2000  343   8914    3.1   12.7  0.769    1.6    0.0 
      0 2000  344   8336    3.7   11.6  0.796    2.3    0.1 
      0 2000  345   7993   -1.4    6.7  0.376    2.8    0.0 
      0 2000  346   5137   -1.4    4.2  0.450    1.3    0.4 
      0 2000  347   8878   -2.6    8.0  0.489    2.2    0.0 
      0 2000  348  10642   -3.5   10.7  0.459    2.3    0.0 
      0 2000  349  10572   -3.0   10.0  0.534    1.8    0.0 
      0 2000  350  10594   -1.8   12.2  0.515    2.2    0.0 
      0 2000  351   9097   -1.6    7.1  0.404    1.8    0.0 
      0 2000  352   9632   -1.3    9.2  0.565    2.3    0.1 
      0 2000  353   8240   -1.1   11.3  0.648    2.1    0.0 
      0 2000  354   3462    1.7    6.0  0.445    3.1    0.0 
      0 2000  355  10717   -2.2   11.3  0.528    2.5    0.0 
      0 2000  356  10822   -2.3   13.2  0.480    3.2    0.0 
      0 2000  357  10281    0.1   13.7  0.477    2.7    0.0 
      0 2000  358  10117   -1.6   10.7  0.392    1.8    0.0 
      0 2000  359  10841   -1.0   13.9  0.416    2.8    0.0 
      0 2000  360  10660   -3.1    7.5  0.414    3.3    0.0 
      0 2000  361   9085   -0.6    6.4  0.455    2.0    0.0 
      0 2000  362   7396   -2.3    5.1  0.482    2.3    0.0 
      0 2000  363  10706   -3.4    4.4  0.384    1.9    0.0 
      0 2000  364   5977   -1.3    6.5  0.497    2.6    0.0 
      0 2000  365  10843   -2.7   12.1  0.544    1.8    0.0 
      0 2000  366   8336   -2.1    6.9  0.541    1.8    0.0 
