*---------------------------------------------------------------------------*
*Station name: 35.135916 113.763737
* Column  Daily value
* 1       station number
* 2       year
* 3       day
* 4       irradiation                   (kJ m-2 d-1)
* 5       minimum temperature           (degrees Celsius)
* 6       maximum temperature           (degrees Celsius)
* 7       early morning vapour pressure (kPa)
* 8       mean wind speed (height: 2 m) (m s-1)
* 9       precipitation                 (mm d-1)
*
* era5
* Created by era2cabo, by Alex 
* File created: 2019-05-11 06:34:16.028858
** WCCFORMAT=2
*---------------------------------------------------------------------------*
113.763737  35.135916  50.000000  -0.180000  -0.550000 
      0 2005    1  10306  -12.3    2.3  0.245    2.9    0.0 
      0 2005    2  11418   -6.3    6.3  0.279    3.4    0.0 
      0 2005    3  10419   -5.7    7.2  0.350    2.1    0.0 
      0 2005    4  10906   -4.8    2.6  0.266    2.2    0.0 
      0 2005    5   6816   -5.0    2.2  0.274    1.8    0.0 
      0 2005    6  10408   -5.4    6.6  0.345    2.0    0.0 
      0 2005    7   9950   -3.5    3.2  0.324    2.1    0.0 
      0 2005    8  10791   -5.1    4.6  0.322    1.7    0.0 
      0 2005    9  11486   -5.7    2.5  0.253    1.8    0.0 
      0 2005   10  11524   -5.5    7.1  0.356    1.9    0.0 
      0 2005   11  11686   -4.7    5.0  0.372    1.5    0.0 
      0 2005   12  11828   -4.8    5.2  0.414    1.0    0.0 
      0 2005   13  11034   -5.1    5.8  0.402    1.4    0.0 
      0 2005   14  12059   -6.8    5.6  0.382    1.6    0.0 
      0 2005   15  12553   -5.5    4.8  0.324    1.3    0.0 
      0 2005   16  12651   -4.9    6.9  0.334    1.5    0.0 
      0 2005   17  12535   -4.0   10.8  0.362    2.1    0.0 
      0 2005   18  12532   -4.2    6.3  0.365    1.5    0.0 
      0 2005   19  12802   -4.7    6.7  0.363    1.0    0.0 
      0 2005   20  10708   -5.0    6.4  0.385    1.7    0.0 
      0 2005   21   7127   -3.9    4.1  0.401    1.4    0.1 
      0 2005   22  12148   -2.7    5.8  0.418    1.6    0.0 
      0 2005   23   8727   -2.2    6.1  0.503    1.6    0.0 
      0 2005   24   8946   -3.4    6.2  0.456    3.3    0.0 
      0 2005   25  13281   -3.6    4.8  0.307    2.8    0.0 
      0 2005   26   6520   -4.9    2.8  0.384    1.4    0.3 
      0 2005   27  13357   -4.1    6.6  0.460    2.4    0.0 
      0 2005   28  13145   -3.3    9.0  0.529    3.3    0.0 
      0 2005   29   8893   -3.7    3.2  0.318    3.2    0.0 
      0 2005   30  12752   -5.7    4.0  0.267    1.9    0.0 
      0 2005   31  12944   -4.9    8.8  0.259    2.1    0.0 
      0 2005   32  13728   -5.0    4.2  0.246    2.0    0.0 
      0 2005   33  13248   -4.7    5.0  0.286    1.8    0.0 
      0 2005   34  13891   -4.6    6.9  0.320    1.1    0.0 
      0 2005   35  12950   -3.3    6.1  0.317    4.1    0.1 
      0 2005   36   5531   -1.8    1.1  0.243    5.7    0.6 
      0 2005   37   3652   -4.0   -0.9  0.344    3.7    2.2 
      0 2005   38  12382   -6.4    3.1  0.405    1.3    0.0 
      0 2005   39   8275   -4.6    2.2  0.407    1.6    0.2 
      0 2005   40  11042   -4.6    3.2  0.412    2.7    0.0 
      0 2005   41  14957   -5.8    2.6  0.275    1.8    0.0 
      0 2005   42   9783   -5.0    3.6  0.332    1.0    0.3 
      0 2005   43  14163   -4.7    6.1  0.440    2.7    0.4 
      0 2005   44  12057   -5.0    5.4  0.476    1.6    3.1 
      0 2005   45   6103   -0.8    4.4  0.581    2.4    1.6 
      0 2005   46   6114   -1.3    5.0  0.606    2.4    3.7 
      0 2005   47   8931   -2.6    5.2  0.520    2.1    0.0 
      0 2005   48   7348   -2.9    2.6  0.438    4.0    0.6 
      0 2005   49  11489   -5.3    4.6  0.445    1.6    0.1 
      0 2005   50  17041   -5.9    3.4  0.314    1.9    0.1 
      0 2005   51  17637   -7.1    4.8  0.304    2.0    0.0 
      0 2005   52  17511   -3.6   11.4  0.439    2.7    0.0 
      0 2005   53  17515   -1.1   16.6  0.582    2.8    0.0 
      0 2005   54  11431   -0.1    4.9  0.358    5.5    0.0 
      0 2005   55  14978   -2.3    6.6  0.444    3.1    0.0 
      0 2005   56  12910   -2.8    4.5  0.344    3.4    0.0 
      0 2005   57  17674   -4.1    7.2  0.400    1.7    0.0 
      0 2005   58  13785   -0.2   11.8  0.585    1.9    0.0 
      0 2005   59  17494   -1.7   13.1  0.653    1.3    0.0 
      0 2005   60  17308   -0.4   14.1  0.653    2.1    0.0 
      0 2005   61  10688    1.3    8.0  0.489    3.7    1.0 
      0 2005   62  16595   -3.8   11.1  0.301    3.5    0.0 
      0 2005   63  16886   -4.6    7.4  0.207    2.9    0.0 
      0 2005   64  19768   -5.5   12.8  0.325    2.6    0.0 
      0 2005   65  19919   -2.3   18.5  0.489    2.8    0.0 
      0 2005   66  19758    0.8   19.9  0.542    2.4    0.0 
      0 2005   67  18389    2.0   15.5  0.527    3.4    0.0 
      0 2005   68  19421    2.7   17.3  0.608    2.3    0.0 
      0 2005   69  15014    3.1   11.8  0.593    5.8    0.0 
      0 2005   70  10490   -0.1    3.4  0.292    3.9    0.0 
      0 2005   71  19179   -3.0    8.3  0.257    1.7    0.0 
      0 2005   72  21623   -5.5   11.0  0.264    2.3    0.0 
      0 2005   73  16590    0.7   17.7  0.409    2.7    0.0 
      0 2005   74  18509    2.4   16.6  0.478    1.7    0.0 
      0 2005   75   9354    6.8   16.1  0.710    1.3    0.0 
      0 2005   76  18472    1.2   15.5  0.352    2.9    0.0 
      0 2005   77  20393    1.4   11.5  0.294    2.0    0.0 
      0 2005   78  16107    2.8   13.7  0.482    1.7    0.0 
      0 2005   79  20991    2.5   17.3  0.613    2.2    0.9 
      0 2005   80   5307    5.7   10.4  0.920    2.2    5.2 
      0 2005   81  13234    2.2   15.7  0.940    1.3    0.0 
      0 2005   82  22129    3.2   21.3  0.677    3.2    0.0 
      0 2005   83  22956    0.3   11.6  0.271    3.3    0.0 
      0 2005   84  22414    0.2   18.9  0.578    3.0    0.0 
      0 2005   85  21362    6.8   18.9  0.806    2.6    0.0 
      0 2005   86  19328    5.2   19.3  0.893    2.0    0.0 
      0 2005   87  21082    6.1   20.9  0.845    4.2    0.0 
      0 2005   88  11687    7.1   15.0  0.541    2.8    2.0 
      0 2005   89  22908    4.1   21.2  0.697    3.0    0.0 
      0 2005   90  22326    7.8   22.0  0.895    1.6    0.0 
      0 2005   91  18967   10.3   19.0  0.771    2.6    0.0 
      0 2005   92  22279    6.1   20.9  0.791    2.8    0.0 
      0 2005   93  23571    5.8   20.4  0.701    2.5    0.0 
      0 2005   94  23886    7.6   27.5  1.002    3.5    0.0 
      0 2005   95  19940   12.7   28.4  1.402    2.4    0.3 
      0 2005   96  23623   12.8   32.3  1.480    3.0    0.0 
      0 2005   97  22012   15.2   24.4  0.872    6.3    0.0 
      0 2005   98   5927    7.5   18.7  0.594    6.8    6.6 
      0 2005   99  17045    6.1   16.9  0.923    1.8    3.6 
      0 2005  100  22256    4.0   18.3  0.790    1.4    0.0 
      0 2005  101  15802    7.0   18.9  0.922    1.7    0.3 
      0 2005  102  21060    8.2   22.6  0.725    3.2    0.0 
      0 2005  103  25763    4.7   22.1  0.603    3.4    0.0 
      0 2005  104  25671    6.4   20.7  0.587    4.1    0.0 
      0 2005  105  20590    9.7   20.2  0.746    1.9    0.2 
      0 2005  106  23182    8.2   26.2  1.171    2.7    0.0 
      0 2005  107  23133   12.1   29.6  1.234    2.4    0.1 
      0 2005  108  21639   10.0   28.9  0.997    1.5    0.0 
      0 2005  109  25049   12.9   26.1  0.817    4.0    0.1 
      0 2005  110  26110    6.4   27.9  0.442    3.4    0.0 
      0 2005  111  26249    8.6   25.0  0.600    2.0    0.0 
      0 2005  112  22744   11.1   24.0  0.877    2.8    0.0 
      0 2005  113  24768   11.6   27.4  1.106    2.5    0.0 
      0 2005  114  23044   11.9   28.3  1.287    2.4    0.0 
      0 2005  115  26327   12.4   30.0  1.089    1.6    0.0 
      0 2005  116  22393   13.4   31.3  1.298    2.5    0.5 
      0 2005  117  26537   15.0   35.0  1.242    3.6    0.0 
      0 2005  118  25044   17.6   35.9  1.476    3.1    0.0 
      0 2005  119  24106   18.0   29.9  1.311    3.0    0.6 
      0 2005  120  20735   20.8   31.4  2.224    1.1    0.1 
      0 2005  121  22545   14.8   26.1  1.109    4.8    1.0 
      0 2005  122  26526   11.0   26.7  0.978    2.1    0.0 
      0 2005  123  24711   13.6   28.0  1.470    2.4    0.0 
      0 2005  124   6547   19.1   23.2  1.912    1.8    6.1 
      0 2005  125  14054   10.7   24.4  1.547    2.4    1.8 
      0 2005  126  27203    8.9   24.7  1.137    3.1    0.0 
      0 2005  127  25387   13.0   29.6  1.381    3.6    0.0 
      0 2005  128  27125   15.1   25.4  0.768    3.6    0.0 
      0 2005  129  27062   12.5   24.9  0.872    4.3    0.0 
      0 2005  130  21392   13.4   28.0  1.370    2.9    2.0 
      0 2005  131  26478   13.8   27.0  1.481    2.6    0.0 
      0 2005  132  24193   14.8   30.1  1.591    1.6    0.0 
      0 2005  133  11994   19.6   26.0  1.831    3.1    0.7 
      0 2005  134  20812   15.8   25.9  1.615    3.6    0.0 
      0 2005  135   3347   16.7   18.5  1.688    2.5    3.6 
      0 2005  136   3090   17.0   19.5  1.849    2.9   21.9 
      0 2005  137   8297   14.7   21.2  1.712    1.8    3.9 
      0 2005  138  26149   10.7   26.9  1.516    2.6    0.0 
      0 2005  139  24810   14.8   26.4  1.495    1.4    0.0 
      0 2005  140  23649   12.2   25.9  1.397    1.7    0.0 
      0 2005  141  24783   13.2   29.4  1.582    3.0    0.0 
      0 2005  142  24250   13.5   28.9  1.326    2.1    0.0 
      0 2005  143  26542   17.8   29.3  1.358    2.1    0.0 
      0 2005  144  25248   17.7   30.6  1.538    2.2    0.0 
      0 2005  145  26800   18.0   29.5  1.351    2.0    0.0 
      0 2005  146  26535   16.5   30.0  1.531    2.0    0.0 
      0 2005  147  24667   18.0   29.8  1.774    1.7    0.0 
      0 2005  148  23445   17.7   30.1  1.855    2.2    0.0 
      0 2005  149  16702   17.7   28.1  1.872    1.8    0.1 
      0 2005  150  18988   17.9   30.4  1.964    1.3    0.0 
      0 2005  151  16384   18.8   31.6  2.113    2.4    0.0 
      0 2005  152  28773   18.9   35.0  1.431    3.1    0.0 
      0 2005  153  29032   16.0   35.6  1.162    2.4    0.0 
      0 2005  154  28011   20.8   35.2  1.426    2.1    0.0 
      0 2005  155  27658   22.7   34.9  1.701    3.3    0.0 
      0 2005  156   8339   21.0   28.9  1.723    1.9    3.5 
      0 2005  157  24206   18.6   29.8  2.033    2.0    1.1 
      0 2005  158  27929   18.6   31.0  1.908    2.3    0.0 
      0 2005  159  18501   18.5   30.4  2.179    1.9    4.4 
      0 2005  160   8867   19.9   26.8  2.263    2.8   38.1 
      0 2005  161  25621   17.0   30.9  2.328    2.2    0.0 
      0 2005  162  27783   21.1   34.1  2.279    2.3    0.0 
      0 2005  163  28590   21.9   34.1  2.010    2.4    0.0 
      0 2005  164  25780   21.8   33.9  2.032    2.5    0.0 
      0 2005  165  26405   20.8   34.9  2.062    1.7    0.0 
      0 2005  166  24649   20.4   34.0  2.013    1.4    0.0 
      0 2005  167  20962   22.3   35.9  2.007    1.9    0.0 
      0 2005  168  24864   21.6   36.4  1.896    2.7    0.0 
      0 2005  169  25385   23.5   34.9  2.248    2.0    0.0 
      0 2005  170  27410   22.1   36.6  2.193    1.6    0.0 
      0 2005  171  25282   26.0   37.7  2.462    1.9    0.9 
      0 2005  172  24579   23.6   36.8  2.444    1.1    0.1 
      0 2005  173  27510   22.8   39.6  2.334    2.7    0.0 
      0 2005  174  26773   27.2   40.3  2.117    3.0    0.0 
      0 2005  175  27121   26.9   38.6  2.106    2.7    0.0 
      0 2005  176   7705   23.7   32.5  2.753    1.5   12.1 
      0 2005  177  19972   22.3   30.4  2.358    2.3   21.1 
      0 2005  178  12373   22.1   27.6  2.381    1.7    0.6 
      0 2005  179  18963   22.3   31.9  2.731    1.4    8.8 
      0 2005  180  26702   21.2   34.2  2.665    1.5    0.0 
      0 2005  181  17219   25.7   33.0  3.076    1.4    2.9 
      0 2005  182  13625   24.7   33.1  3.161    2.1   13.7 
      0 2005  183  15912   23.3   32.5  3.025    2.4    3.3 
      0 2005  184  11739   22.0   27.8  2.590    1.7    8.9 
      0 2005  185  11534   24.0   29.6  2.579    2.9    0.3 
      0 2005  186  11713   22.8   30.7  2.619    2.5    0.1 
      0 2005  187  19122   19.0   28.6  2.350    3.0    0.0 
      0 2005  188  25558   18.1   29.7  2.385    1.4    0.0 
      0 2005  189  21003   21.5   31.0  2.652    1.0    0.0 
      0 2005  190  21889   21.8   34.2  2.783    2.3    0.0 
      0 2005  191  15294   24.8   30.2  2.793    1.9    0.8 
      0 2005  192  24742   21.9   33.0  2.740    1.0    0.3 
      0 2005  193  24950   23.9   34.1  2.952    1.7    1.3 
      0 2005  194  23453   22.7   34.0  2.977    2.3    0.1 
      0 2005  195  27215   23.3   33.7  2.897    2.3    0.0 
      0 2005  196  18080   24.1   32.7  2.977    2.0    7.4 
      0 2005  197  11257   23.2   29.1  2.793    2.1   22.9 
      0 2005  198   6462   23.7   29.1  2.808    2.4   41.4 
      0 2005  199   5641   23.7   28.6  3.011    3.0   16.3 
      0 2005  200  15635   25.3   31.0  3.126    1.9    2.4 
      0 2005  201  25739   23.4   33.4  3.003    1.2    1.7 
      0 2005  202  22013   24.4   31.8  2.967    2.4    9.5 
      0 2005  203   7036   24.2   28.2  3.017    3.6   20.4 
      0 2005  204   5694   23.9   26.2  2.852    3.0    5.8 
      0 2005  205  11496   23.9   29.9  2.764    2.5    1.9 
      0 2005  206  25091   21.4   30.3  2.507    2.2    0.0 
      0 2005  207  21058   20.9   30.0  2.545    1.2    0.0 
      0 2005  208   8618   22.7   26.8  2.738    1.6    8.2 
      0 2005  209  24972   22.3   31.5  2.810    0.7    0.0 
      0 2005  210  18841   22.8   32.0  2.880    1.1   15.1 
      0 2005  211  13449   23.7   30.2  2.977    1.7   17.8 
      0 2005  212   9074   24.5   30.0  3.197    1.9    5.7 
      0 2005  213  24706   23.4   34.5  3.275    2.0    0.0 
      0 2005  214  13071   24.4   31.7  3.002    1.4    9.4 
      0 2005  215  15390   23.4   29.3  2.624    1.6   14.7 
      0 2005  216  19716   22.1   28.8  2.529    1.7    7.6 
      0 2005  217  21547   21.1   29.1  2.596    2.8    0.4 
      0 2005  218  14264   23.0   28.5  2.748    3.5    0.6 
      0 2005  219  20992   24.0   30.2  2.725    4.5    0.4 
      0 2005  220  21062   22.3   30.4  2.717    1.6    0.1 
      0 2005  221  19526   23.8   31.7  2.933    2.5    0.3 
      0 2005  222  16561   25.2   32.7  3.234    2.0    1.9 
      0 2005  223  22723   26.6   34.9  3.600    2.0    0.0 
      0 2005  224  24100   27.5   35.0  3.366    2.7    0.0 
      0 2005  225  21851   26.4   34.5  3.401    1.6    0.2 
      0 2005  226  15516   25.6   32.1  3.207    2.4    2.6 
      0 2005  227  18196   26.5   33.4  3.391    2.2    4.7 
      0 2005  228  16615   22.4   32.3  3.021    2.1   17.8 
      0 2005  229   3241   18.6   22.5  1.880    4.2    6.1 
      0 2005  230  18863   17.2   25.3  1.740    2.9    0.0 
      0 2005  231  20887   18.9   26.7  1.692    2.0    0.0 
      0 2005  232   9013   17.3   25.3  1.735    1.9    0.0 
      0 2005  233  14536   18.3   26.6  1.906    1.3    0.0 
      0 2005  234   9327   17.6   25.5  1.954    2.6    1.6 
      0 2005  235   3569   16.4   21.6  1.881    3.7    9.3 
      0 2005  236  24509   13.3   27.1  1.741    1.3    0.0 
      0 2005  237  20870   16.6   27.5  2.058    1.2    0.0 
      0 2005  238  23444   19.0   29.6  2.259    2.4    0.0 
      0 2005  239  22155   19.6   30.3  2.395    1.3    0.0 
      0 2005  240  13001   20.9   28.5  2.529    1.4    4.1 
      0 2005  241   8493   20.5   26.3  2.469    2.9    6.2 
      0 2005  242  23883   17.4   29.6  2.147    2.5    0.0 
      0 2005  243  22495   16.8   29.4  2.021    1.3    0.0 
      0 2005  244  23544   18.1   31.2  2.342    1.7    0.0 
      0 2005  245  14432   22.0   25.8  2.044    5.9    1.9 
      0 2005  246  23258   18.5   27.2  1.345    3.7    0.3 
      0 2005  247  20937   14.7   27.0  1.265    2.7    0.0 
      0 2005  248  21919   17.7   28.1  1.485    1.2    0.0 
      0 2005  249  23365   15.7   28.3  1.507    1.3    0.0 
      0 2005  250  21438   16.8   30.1  1.846    1.6    0.0 
      0 2005  251  19895   18.1   29.8  2.149    1.2    0.0 
      0 2005  252  20606   19.1   31.3  2.354    1.5    0.0 
      0 2005  253  22480   19.9   32.5  2.338    1.7    0.0 
      0 2005  254  21921   19.3   30.7  2.145    1.5    0.0 
      0 2005  255  21891   16.7   31.3  1.937    1.7    0.0 
      0 2005  256  18032   19.9   30.7  1.962    1.5    0.0 
      0 2005  257   7641   22.0   27.0  1.751    3.4    0.7 
      0 2005  258   6783   21.2   26.9  2.167    1.5   13.4 
      0 2005  259   8057   21.5   27.3  2.449    1.3    3.0 
      0 2005  260  21283   19.4   30.1  2.031    2.1    0.0 
      0 2005  261  11886   18.4   26.4  2.160    1.7    1.3 
      0 2005  262   8514   20.6   28.4  2.373    3.1   13.5 
      0 2005  263   4523   17.3   20.6  1.773    6.8   14.3 
      0 2005  264  12481   15.6   22.0  1.528    5.4   11.8 
      0 2005  265  20256   12.6   23.2  1.436    1.6    0.0 
      0 2005  266  18971   14.9   24.1  1.532    1.7    0.0 
      0 2005  267  16731   15.3   25.0  1.730    1.3    0.6 
      0 2005  268  12769   15.2   22.5  1.779    1.3    8.4 
      0 2005  269   5379   14.3   18.9  1.680    1.2    5.2 
      0 2005  270   2816   16.6   19.4  1.801    1.6   13.3 
      0 2005  271   1302   17.6   18.9  1.926    2.3   30.3 
      0 2005  272   5249   18.0   21.5  2.001    1.1   14.9 
      0 2005  273   6437   18.1   24.3  2.140    1.1   11.2 
      0 2005  274   3494   17.7   22.7  1.908    1.5    6.2 
      0 2005  275   3984   11.7   19.7  1.373    3.6    5.5 
      0 2005  276   8284   11.8   17.7  1.371    1.5    1.6 
      0 2005  277  17861   11.2   21.8  1.418    1.4    0.0 
      0 2005  278  18335   12.9   23.0  1.421    1.7    0.0 
      0 2005  279   5254   13.5   19.8  1.672    1.4    2.2 
      0 2005  280  19127   11.4   24.2  1.171    1.9    0.0 
      0 2005  281  17614    8.8   23.2  1.080    1.7    0.0 
      0 2005  282  18299   11.7   23.6  1.177    1.7    0.0 
      0 2005  283  17964   10.9   22.9  1.238    1.2    0.0 
      0 2005  284  17161   10.8   22.8  1.386    1.3    0.0 
      0 2005  285  12603   14.8   22.6  1.616    0.9    0.6 
      0 2005  286  11882   14.2   25.0  1.629    1.9    1.5 
      0 2005  287  10529    9.1   18.6  0.986    2.5    0.0 
      0 2005  288  17841    6.1   22.8  0.820    2.5    0.0 
      0 2005  289  17400    8.3   26.0  0.976    2.5    0.0 
      0 2005  290  17027    8.3   22.2  0.894    4.0    0.0 
      0 2005  291  10559   14.3   20.4  1.058    3.0    0.0 
      0 2005  292   9062   14.4   21.2  1.388    2.3    0.1 
      0 2005  293   3114   14.4   18.3  1.453    1.3    2.6 
      0 2005  294   9656   11.6   18.4  1.283    4.0    0.4 
      0 2005  295  13442    6.4   15.0  0.822    1.9    0.0 
      0 2005  296  15438    6.6   22.4  1.081    2.1    0.0 
      0 2005  297  16041    6.5   23.0  0.949    2.0    0.0 
      0 2005  298  14728    8.3   21.1  1.131    1.3    0.2 
      0 2005  299  13834    8.5   21.7  1.244    1.1    0.0 
      0 2005  300   6670   10.9   19.5  1.322    1.3    0.1 
      0 2005  301  12229    9.4   16.4  0.778    1.8    0.0 
      0 2005  302  14989    4.2   18.5  0.752    1.5    0.0 
      0 2005  303  14877    6.9   19.1  0.722    1.1    0.0 
      0 2005  304  15034    4.0   19.1  0.681    2.4    0.0 
      0 2005  305  13051    7.3   20.4  0.965    1.5    0.0 
      0 2005  306  13542    9.3   23.0  1.171    1.3    0.0 
      0 2005  307  13675    9.9   23.5  1.187    1.5    0.0 
      0 2005  308  12945   11.8   23.9  1.309    1.2    0.2 
      0 2005  309   6331   12.1   22.3  1.412    1.8    1.5 
      0 2005  310  14157    6.7   19.6  0.683    2.0    0.0 
      0 2005  311  13145    7.4   24.5  0.706    2.4    0.0 
      0 2005  312  12030    5.9   18.3  0.665    1.5    0.8 
      0 2005  313  13272    8.1   22.1  0.858    2.0    0.0 
      0 2005  314  12020    6.0   21.9  0.840    1.3    0.0 
      0 2005  315  13068    6.6   20.1  0.782    2.2    0.0 
      0 2005  316   9863    7.5   17.7  0.938    1.9    0.7 
      0 2005  317   4781    9.3   13.4  0.937    5.3    2.6 
      0 2005  318   8275    4.8   12.2  0.687    1.8    0.0 
      0 2005  319   7271    4.6   11.9  0.673    0.8    0.0 
      0 2005  320  11709    4.9   13.9  0.695    1.6    0.0 
      0 2005  321  11842    4.2   14.8  0.767    1.2    0.0 
      0 2005  322   9520    6.3   15.2  0.852    1.4    0.0 
      0 2005  323   8059    6.2   12.5  0.835    2.0    1.6 
      0 2005  324  10283    3.5   14.3  0.771    1.8    0.0 
      0 2005  325  11839    1.2   14.7  0.727    1.6    0.0 
      0 2005  326  11944    2.9   14.6  0.569    1.6    0.0 
      0 2005  327  12211    3.3   15.6  0.394    2.9    0.0 
      0 2005  328  12133   -0.4   16.4  0.399    2.8    0.0 
      0 2005  329  12006   -0.7   16.8  0.395    2.9    0.0 
      0 2005  330  11666    2.7   18.7  0.433    3.0    0.0 
      0 2005  331   9062    2.0   17.9  0.628    1.8    0.0 
      0 2005  332  10942    4.2   14.1  0.329    3.3    0.0 
      0 2005  333  11685    0.3   15.2  0.292    3.3    0.0 
      0 2005  334  11536    0.9   16.5  0.355    3.0    0.0 
      0 2005  335   9666    0.2   12.7  0.388    1.9    0.0 
      0 2005  336  10674   -0.9   10.1  0.424    1.6    0.0 
      0 2005  337   6606   -1.7   10.5  0.339    2.4    0.1 
      0 2005  338  11613   -5.3    4.6  0.136    2.4    0.0 
      0 2005  339  11279   -7.0    1.9  0.190    1.4    0.0 
      0 2005  340  11068   -5.6    4.0  0.209    1.4    0.0 
      0 2005  341  11176   -6.6    5.0  0.227    1.5    0.0 
      0 2005  342  10740   -5.7    6.3  0.277    1.4    0.0 
      0 2005  343  10663   -3.8    7.3  0.299    2.7    0.0 
      0 2005  344   9173   -2.3    5.6  0.351    3.9    0.0 
      0 2005  345   8570   -3.9    5.0  0.409    1.9    0.1 
      0 2005  346  10275   -5.9    4.9  0.347    1.7    0.0 
      0 2005  347  10538   -5.9    5.2  0.289    1.4    0.0 
      0 2005  348  11058   -4.6    5.6  0.179    2.7    0.0 
      0 2005  349  11104   -4.8    7.5  0.152    2.7    0.0 
      0 2005  350  10952   -5.6    9.1  0.200    1.7    0.0 
      0 2005  351  10930   -5.8    3.4  0.207    2.1    0.0 
      0 2005  352  10665   -5.3    7.8  0.226    3.0    0.0 
      0 2005  353  10823   -5.5    7.9  0.244    1.7    0.0 
      0 2005  354   8541   -3.2    7.1  0.315    1.5    0.0 
      0 2005  355  11317   -4.1    2.4  0.100    4.5    0.0 
      0 2005  356  10762   -1.9   12.8  0.193    4.5    0.0 
      0 2005  357  10873   -2.4   12.1  0.279    2.2    0.0 
      0 2005  358  10444   -2.0   11.4  0.332    2.6    0.0 
      0 2005  359  10890   -3.8   10.7  0.283    1.7    0.0 
      0 2005  360   9404   -3.3    7.3  0.389    1.3    0.0 
      0 2005  361   6312   -1.9    5.8  0.461    1.8    0.0 
      0 2005  362   7593   -1.1    7.2  0.482    1.8    0.0 
      0 2005  363   9221   -0.9    7.0  0.464    1.6    0.0 
      0 2005  364   2180   -1.5    2.8  0.505    2.8    1.7 
      0 2005  365   9148   -1.6    5.2  0.509    1.6    0.2 
