*---------------------------------------------------------------------------*
*Station name: 35.135916 113.763737
* Column  Daily value
* 1       station number
* 2       year
* 3       day
* 4       irradiation                   (kJ m-2 d-1)
* 5       minimum temperature           (degrees Celsius)
* 6       maximum temperature           (degrees Celsius)
* 7       early morning vapour pressure (kPa)
* 8       mean wind speed (height: 2 m) (m s-1)
* 9       precipitation                 (mm d-1)
*
* era5
* Created by era2cabo, by Alex 
* File created: 2019-05-08 13:36:59.835918
** WCCFORMAT=2
*---------------------------------------------------------------------------*
113.763737  35.135916  50.000000  -0.180000  -0.550000 
      0 2006    1   8074   -2.0    8.7  0.553    1.1    0.0 
      0 2006    2   7674   -2.6    7.9  0.507    1.5    0.0 
      0 2006    3   4786   -1.8    5.4  0.584    3.1    0.2 
      0 2006    4   4185   -4.3    1.9  0.406    5.2    1.4 
      0 2006    5   6342   -5.6   -0.2  0.275    1.8    0.0 
      0 2006    6  12044   -6.6    3.6  0.194    2.1    0.0 
      0 2006    7  11930   -7.9    4.4  0.224    1.7    0.0 
      0 2006    8  11849   -6.2    8.4  0.269    2.9    0.0 
      0 2006    9  11953   -5.6    8.4  0.284    1.5    0.0 
      0 2006   10  11896   -3.9    8.3  0.318    3.0    0.0 
      0 2006   11  10369   -0.6    7.1  0.373    3.5    0.0 
      0 2006   12   8315   -1.9    5.7  0.446    1.6    0.0 
      0 2006   13   8979   -3.6    8.3  0.515    1.1    0.0 
      0 2006   14   8274   -2.2    8.2  0.520    1.0    0.0 
      0 2006   15  10203   -2.9   10.7  0.514    1.7    0.0 
      0 2006   16  10929   -0.9    9.6  0.531    2.6    0.0 
      0 2006   17   5611    0.5    4.8  0.496    4.6    0.5 
      0 2006   18   4756   -0.9    2.2  0.424    4.9    1.6 
      0 2006   19   3745   -1.6   -0.1  0.424    4.8    8.1 
      0 2006   20  11450   -3.7    3.9  0.436    1.2    0.2 
      0 2006   21  12406   -3.8    6.5  0.458    1.2    0.0 
      0 2006   22   9864   -4.8    6.5  0.456    1.2    0.0 
      0 2006   23  12145   -3.3    7.7  0.472    1.5    0.0 
      0 2006   24  10989   -1.9    6.6  0.502    1.9    0.0 
      0 2006   25  11480   -3.3    7.7  0.507    1.5    0.0 
      0 2006   26  13414   -2.6   11.4  0.500    2.7    0.0 
      0 2006   27  13487   -3.0   10.6  0.522    1.7    0.0 
      0 2006   28  10908   -0.5    9.3  0.628    1.3    0.0 
      0 2006   29   8847   -0.6    8.6  0.607    3.8    0.0 
      0 2006   30   5553   -2.5    4.3  0.452    4.8    1.5 
      0 2006   31  11670   -3.4    7.7  0.497    1.9    0.0 
      0 2006   32  11118   -3.1    6.4  0.523    2.8    0.1 
      0 2006   33   8558   -1.5    6.0  0.491    2.7    0.2 
      0 2006   34  13834   -5.7    0.2  0.182    3.9    0.0 
      0 2006   35  12607   -6.4    2.5  0.317    1.9    0.0 
      0 2006   36   5381   -2.7    0.9  0.485    1.8    6.2 
      0 2006   37  14225   -4.3   11.3  0.404    4.0    0.0 
      0 2006   38  15182   -4.9    8.6  0.331    2.4    0.0 
      0 2006   39  13582   -4.8    2.4  0.289    2.2    0.0 
      0 2006   40  15215   -4.7    8.9  0.413    3.8    0.0 
      0 2006   41  15760   -1.4   15.7  0.493    3.5    0.0 
      0 2006   42  15211   -2.4   12.7  0.578    1.9    0.0 
      0 2006   43  14668   -0.8   13.5  0.678    1.5    0.0 
      0 2006   44  12857    2.0   18.8  0.764    3.1    0.0 
      0 2006   45  15608    0.7   17.6  0.542    2.2    0.0 
      0 2006   46   7297    3.6   11.5  0.739    1.9    0.1 
      0 2006   47  15385   -0.5    7.4  0.372    2.3    0.0 
      0 2006   48  14725   -0.9    7.9  0.308    1.9    0.0 
      0 2006   49  16271   -2.4   11.6  0.397    3.0    0.0 
      0 2006   50  17467   -3.7   14.1  0.415    2.5    0.0 
      0 2006   51  17110   -0.8   15.5  0.610    2.9    0.0 
      0 2006   52  11418    3.9   16.5  0.690    2.6    0.0 
      0 2006   53  17350    1.8    9.7  0.348    2.6    0.0 
      0 2006   54   9337    3.7   12.3  0.504    1.5    0.0 
      0 2006   55  17567    0.6   13.2  0.535    2.0    0.0 
      0 2006   56  13826    3.2   10.9  0.573    3.8    0.0 
      0 2006   57   8368   -0.3    4.8  0.365    6.1    0.3 
      0 2006   58   6853   -2.6    1.9  0.353    3.7    3.0 
      0 2006   59  16286   -4.4    8.8  0.485    2.3    0.0 
      0 2006   60  19243   -5.2   13.2  0.375    2.9    0.0 
      0 2006   61  19090   -4.2   12.1  0.431    1.8    0.0 
      0 2006   62  18635   -1.4   15.7  0.649    1.9    0.0 
      0 2006   63  18995    2.1   20.0  0.687    1.6    0.0 
      0 2006   64  16417    2.7   21.2  0.665    1.7    0.2 
      0 2006   65  19083    5.4   13.4  0.512    3.7    0.0 
      0 2006   66  18555    2.7   20.6  0.735    2.6    0.0 
      0 2006   67   6297    5.3   12.4  0.783    2.5   10.4 
      0 2006   68  12825    5.0   16.4  0.880    2.5    0.0 
      0 2006   69  11881    5.0   19.0  0.927    2.2    0.0 
      0 2006   70   8615    3.5   11.6  0.593    3.7    0.0 
      0 2006   71  17576   -0.1    6.5  0.260    3.5    0.0 
      0 2006   72  21537   -4.3   13.1  0.243    3.1    0.0 
      0 2006   73  21032   -2.1   15.1  0.358    2.6    0.0 
      0 2006   74  18887    3.3   16.5  0.361    4.2    0.0 
      0 2006   75  21628    1.2   20.1  0.442    2.7    0.0 
      0 2006   76  18913    6.1   20.8  0.724    1.9    0.0 
      0 2006   77  21629    6.1   16.8  0.470    2.1    0.0 
      0 2006   78  21663    3.5   18.4  0.523    2.3    0.0 
      0 2006   79  20616    6.4   21.1  0.729    1.6    0.0 
      0 2006   80  14776    5.7   21.2  0.857    1.9    0.0 
      0 2006   81  20991    8.2   19.9  0.553    1.8    0.2 
      0 2006   82  21897    4.9   17.4  0.418    2.0    0.0 
      0 2006   83  22527    4.9   22.8  0.451    2.3    0.0 
      0 2006   84  20976    5.7   23.8  0.400    2.1    0.0 
      0 2006   85  21093    6.0   18.0  0.453    2.7    0.0 
      0 2006   86  23263    4.2   24.9  0.483    4.4    0.0 
      0 2006   87  23618    1.8   16.4  0.396    3.1    0.0 
      0 2006   88  23617    4.0   26.0  0.463    3.8    0.0 
      0 2006   89  23552    7.6   21.1  0.627    2.6    0.0 
      0 2006   90  22514    9.2   26.3  1.132    1.7    0.0 
      0 2006   91  22191   12.5   27.1  0.957    2.7    0.0 
      0 2006   92  24097    6.4   25.3  0.696    2.4    0.0 
      0 2006   93  12053   12.3   20.9  1.228    1.0    3.7 
      0 2006   94   9225   11.8   20.6  1.066    3.9    0.6 
      0 2006   95  19375    5.9   20.1  0.798    1.8    0.0 
      0 2006   96  23429    9.8   25.8  1.029    3.6    0.1 
      0 2006   97  22398    9.5   28.6  1.073    2.0    0.1 
      0 2006   98  19604   11.7   25.5  1.335    2.5    0.1 
      0 2006   99  20085   12.3   22.9  1.034    1.8    0.0 
      0 2006  100  23794   11.4   27.0  1.371    1.6    0.0 
      0 2006  101  22211   11.6   26.8  1.591    2.0    3.3 
      0 2006  102  11146    3.6   11.3  0.647    5.3    9.7 
      0 2006  103  21970    3.7   14.8  0.685    1.3    0.0 
      0 2006  104  20572    5.1   17.3  0.769    2.7    0.0 
      0 2006  105  23555    4.0   23.9  0.848    2.2    0.0 
      0 2006  106  25236    6.9   23.5  1.022    2.7    0.0 
      0 2006  107  23189   10.0   26.5  1.250    3.4    0.0 
      0 2006  108  23632   10.8   28.1  1.254    2.6    0.0 
      0 2006  109  25761   12.0   19.0  0.684    3.2    0.0 
      0 2006  110  25708    6.7   20.2  0.682    2.0    0.0 
      0 2006  111  16870   10.4   18.5  1.159    2.2    2.3 
      0 2006  112  25592    9.5   22.8  1.171    2.8    0.0 
      0 2006  113  26788   10.2   23.5  0.842    2.7    0.0 
      0 2006  114  26294    7.9   25.3  0.976    1.3    0.0 
      0 2006  115  11797   13.3   22.1  1.389    1.2    1.7 
      0 2006  116  25375   12.2   29.6  1.338    2.9    0.0 
      0 2006  117  20841   14.7   23.5  1.096    3.3    0.0 
      0 2006  118  25704   11.9   29.3  1.089    3.6    0.4 
      0 2006  119  26407    9.6   32.0  1.206    3.3    0.0 
      0 2006  120  26689   17.0   36.3  1.867    3.1    0.0 
      0 2006  121  25523   19.8   26.9  1.264    5.8    0.0 
      0 2006  122  17187   17.5   24.4  0.929    2.3    0.0 
      0 2006  123  21664   15.5   28.4  1.541    1.7    0.0 
      0 2006  124  16526   18.5   30.8  2.328    1.3   10.1 
      0 2006  125  12491   18.3   23.9  1.910    4.8    3.4 
      0 2006  126  23475   13.7   25.8  1.467    2.0    0.0 
      0 2006  127  20941   14.8   28.0  1.804    2.1    0.0 
      0 2006  128  23831   15.7   28.4  2.009    1.8    0.0 
      0 2006  129  15147   18.6   26.0  2.034    2.9    1.9 
      0 2006  130  19975   15.6   23.7  1.317    2.9    0.1 
      0 2006  131   6362   11.8   19.1  1.070    3.3    8.6 
      0 2006  132  14584   10.2   18.4  1.152    2.3    1.5 
      0 2006  133  25389   11.6   25.8  1.059    2.1    0.0 
      0 2006  134  26911   10.9   28.0  0.952    3.3    0.0 
      0 2006  135  27709   13.5   30.4  1.089    3.5    0.0 
      0 2006  136  27426   15.1   30.8  1.332    2.8    0.0 
      0 2006  137  26872   17.8   29.9  1.618    2.3    0.0 
      0 2006  138  26901   17.6   30.8  1.765    2.3    0.0 
      0 2006  139  26645   17.3   32.6  1.865    2.6    0.0 
      0 2006  140  19665   18.4   29.8  2.004    3.0    0.2 
      0 2006  141   2560   15.7   22.3  1.704    1.6   19.6 
      0 2006  142  25355   12.5   27.1  1.640    1.6    0.0 
      0 2006  143  28526   13.5   30.5  1.473    2.3    0.0 
      0 2006  144  14671   18.5   28.9  1.867    1.5   13.4 
      0 2006  145  11239   18.0   23.3  1.829    3.1    7.7 
      0 2006  146  11319   15.7   23.5  1.668    2.5    6.3 
      0 2006  147  28776   14.5   28.8  1.180    4.2    0.0 
      0 2006  148  26983   13.3   28.2  1.449    2.0    0.0 
      0 2006  149  28257   15.1   31.5  1.681    1.4    0.0 
      0 2006  150  28641   19.6   32.6  1.611    2.4    0.0 
      0 2006  151  25630   19.3   30.7  1.632    2.0    0.0 
      0 2006  152  26088   17.8   32.1  1.736    1.9    0.0 
      0 2006  153  27009   21.0   31.2  1.621    2.2    0.0 
      0 2006  154  13196   20.0   28.2  1.560    1.2    0.0 
      0 2006  155  27658   16.2   31.3  1.705    1.3    0.0 
      0 2006  156  27140   19.2   31.5  1.629    1.1    0.0 
      0 2006  157  24377   18.6   31.6  1.636    1.4    0.0 
      0 2006  158  23869   19.7   34.1  1.842    2.0    0.0 
      0 2006  159  28510   19.4   33.4  1.211    2.6    0.0 
      0 2006  160  27258   17.4   34.6  0.990    3.7    0.2 
      0 2006  161  26993   16.7   31.3  1.134    1.7    0.0 
      0 2006  162  28872   18.6   35.5  1.253    2.0    0.0 
      0 2006  163  26579   23.6   36.9  1.681    2.2    0.1 
      0 2006  164  22204   22.1   34.7  1.966    2.5   11.0 
      0 2006  165  24753   19.2   30.7  2.056    1.9    4.7 
      0 2006  166  28945   18.8   35.4  1.785    2.2    0.0 
      0 2006  167  28803   21.1   37.5  1.870    3.2    0.0 
      0 2006  168  28355   22.8   35.4  1.879    2.9    0.0 
      0 2006  169  28314   23.1   36.3  1.944    2.0    0.0 
      0 2006  170  28239   22.7   38.9  2.170    2.2    0.0 
      0 2006  171  24754   24.7   36.4  2.195    2.4    0.5 
      0 2006  172  14748   23.9   32.1  2.257    1.5    2.9 
      0 2006  173   8091   22.6   27.1  2.454    1.2    5.5 
      0 2006  174  22754   21.9   30.2  2.336    1.4    0.0 
      0 2006  175  26843   19.7   31.9  2.198    1.4    0.0 
      0 2006  176  27371   21.0   34.7  2.372    2.0    1.9 
      0 2006  177  25649   21.5   33.9  2.411    1.3    0.0 
      0 2006  178  25958   23.8   36.4  2.734    1.5    0.0 
      0 2006  179  22307   24.1   35.1  2.776    2.5   13.9 
      0 2006  180  20281   23.4   32.8  2.774    2.0   16.6 
      0 2006  181  17415   25.8   33.1  3.060    2.5    0.0 
      0 2006  182  24905   23.3   33.5  2.839    1.9    0.1 
      0 2006  183   5854   25.0   28.2  2.854    2.9   21.1 
      0 2006  184   7212   24.3   27.9  2.763    2.1   32.5 
      0 2006  185  19339   22.2   30.2  2.786    1.8    0.0 
      0 2006  186  24938   21.8   33.5  2.931    2.5    0.1 
      0 2006  187  17505   24.1   31.3  3.014    2.4    0.8 
      0 2006  188  21139   24.1   32.0  2.654    2.0    1.3 
      0 2006  189  25297   22.3   32.0  2.689    1.4    0.1 
      0 2006  190  24582   22.8   32.2  2.841    1.3    0.4 
      0 2006  191  24216   23.5   32.7  2.867    1.4    0.6 
      0 2006  192  22761   24.5   33.0  3.085    1.5    0.2 
      0 2006  193  23026   25.5   34.1  3.208    1.4    0.0 
      0 2006  194  22917   25.9   34.7  3.402    1.8    5.4 
      0 2006  195  21895   26.6   34.4  3.295    3.1    2.2 
      0 2006  196  19569   26.6   32.1  3.043    6.0    0.7 
      0 2006  197  18317   26.4   31.5  3.039    5.9    1.9 
      0 2006  198  15194   25.8   30.6  2.903    3.8    0.3 
      0 2006  199  20694   24.8   34.4  3.044    2.2    0.1 
      0 2006  200  13873   24.0   29.8  2.684    3.6    4.4 
      0 2006  201  12896   24.6   31.8  2.720    1.2    0.0 
      0 2006  202  13337   25.8   34.0  2.854    2.2    0.5 
      0 2006  203   7206   25.8   30.5  2.104    2.7    0.0 
      0 2006  204  15344   22.8   29.0  2.222    3.0    0.0 
      0 2006  205  23849   20.7   31.8  2.481    2.2    0.0 
      0 2006  206  17177   22.9   30.0  2.390    2.5    0.4 
      0 2006  207  24091   22.6   30.8  2.287    3.0    0.0 
      0 2006  208  18364   23.3   30.7  2.395    2.9    0.2 
      0 2006  209  16847   24.1   31.2  2.841    1.7    5.8 
      0 2006  210  11232   24.4   30.3  3.055    1.6   13.8 
      0 2006  211  19595   24.7   32.7  3.148    2.3   10.4 
      0 2006  212  15093   25.5   32.4  3.020    1.9    7.8 
      0 2006  213  19056   23.2   31.1  2.900    1.3    0.7 
      0 2006  214  20907   21.4   31.4  2.484    1.2    2.4 
      0 2006  215  14737   22.3   28.5  2.526    1.5    9.9 
      0 2006  216  14020   22.3   28.1  2.580    2.0    5.8 
      0 2006  217  17846   22.5   30.8  2.784    1.4    9.0 
      0 2006  218  18651   22.5   30.7  2.918    1.4    8.2 
      0 2006  219  19168   23.0   31.4  2.988    1.2    1.9 
      0 2006  220  20133   23.8   31.3  3.047    1.4    1.7 
      0 2006  221  20899   23.7   31.9  3.078    1.5    0.8 
      0 2006  222  20367   24.6   32.0  3.067    1.5    0.4 
      0 2006  223  20176   24.6   32.8  3.113    1.3    0.1 
      0 2006  224  21266   24.9   33.6  3.232    1.2    0.1 
      0 2006  225  19387   25.7   33.5  3.268    1.4    0.3 
      0 2006  226   8328   26.0   30.5  3.005    3.6    2.3 
      0 2006  227  13315   25.3   30.4  2.452    2.1    0.0 
      0 2006  228  23385   23.5   32.9  2.603    1.3    0.0 
      0 2006  229  24685   23.5   32.9  2.259    2.9    0.0 
      0 2006  230  24324   22.7   32.3  2.029    2.3    0.0 
      0 2006  231  25274   19.4   32.8  1.740    1.4    0.0 
      0 2006  232  18975   21.8   33.0  1.985    1.2    0.0 
      0 2006  233   8419   22.6   26.9  1.975    4.3    0.0 
      0 2006  234  14603   22.1   29.8  1.839    2.1    0.5 
      0 2006  235  21135   21.4   31.9  2.149    1.4    0.0 
      0 2006  236  14776   23.7   32.1  2.415    1.0    0.2 
      0 2006  237  13565   23.4   31.4  2.641    1.6    9.4 
      0 2006  238  17717   22.9   29.7  2.688    1.5   17.3 
      0 2006  239  20054   22.8   32.3  2.924    1.1    0.7 
      0 2006  240   9360   24.6   29.6  3.030    1.7   14.7 
      0 2006  241  12582   23.4   27.9  2.349    4.4    8.9 
      0 2006  242   6626   21.3   25.3  2.158    4.0    2.3 
      0 2006  243   5198   19.7   24.9  2.161    1.6   15.7 
      0 2006  244   9859   20.1   26.3  2.470    0.9    4.4 
      0 2006  245  15879   21.6   29.5  2.589    2.0    0.2 
      0 2006  246  14089   22.5   28.9  2.668    1.3    0.3 
      0 2006  247   5231   14.3   24.2  1.520    6.4    8.2 
      0 2006  248  21134   15.7   22.7  1.539    1.3    0.4 
      0 2006  249  23250   13.8   28.1  1.704    2.5    0.0 
      0 2006  250   6386   16.6   23.1  1.812    1.4    1.4 
      0 2006  251  21514   15.2   28.1  1.638    2.4    0.1 
      0 2006  252  23629   11.4   24.8  1.128    1.7    0.0 
      0 2006  253  23053   10.8   26.5  1.197    2.0    0.0 
      0 2006  254  22931   14.3   26.7  1.395    1.4    0.0 
      0 2006  255  21865   14.8   25.9  1.347    1.0    0.0 
      0 2006  256  16382   12.7   26.3  1.377    1.1    0.0 
      0 2006  257   9608   18.0   25.5  1.756    1.0    0.0 
      0 2006  258  19872   13.6   26.9  1.567    1.2    0.0 
      0 2006  259  20949   15.5   29.2  1.691    1.1    0.0 
      0 2006  260  20707   17.7   29.2  1.791    1.6    0.0 
      0 2006  261  20554   16.7   29.5  1.561    1.3    0.0 
      0 2006  262  18771   16.5   30.1  1.467    1.4    0.2 
      0 2006  263  18509   16.1   28.9  1.675    1.8    1.4 
      0 2006  264  14162   18.8   27.6  1.735    2.7    0.2 
      0 2006  265  17418   19.0   28.3  1.659    2.8    0.1 
      0 2006  266  17785   18.3   27.4  1.729    2.2    0.1 
      0 2006  267  15887   17.1   27.4  1.792    1.4    0.0 
      0 2006  268  10807   19.9   29.1  1.901    2.2    0.0 
      0 2006  269   6889   20.3   24.3  1.963    2.1    4.0 
      0 2006  270   1990   18.1   20.6  1.916    1.2   17.4 
      0 2006  271  14127   17.3   25.7  1.984    1.6    0.5 
      0 2006  272  14921   17.3   27.1  1.826    2.0    0.3 
      0 2006  273  11085   17.8   25.6  1.781    1.5    0.7 
      0 2006  274  19351   13.3   28.0  1.527    1.4    0.0 
      0 2006  275  19241   13.9   28.2  1.457    2.2    0.0 
      0 2006  276  15869   14.7   27.7  1.575    1.4    0.0 
      0 2006  277  17330   14.7   28.2  1.580    0.9    0.0 
      0 2006  278  16914   14.3   28.3  1.551    1.3    0.0 
      0 2006  279  16615   16.2   28.9  1.608    1.6    0.0 
      0 2006  280  13366   17.4   28.5  1.633    1.2    0.0 
      0 2006  281  15884   15.6   27.8  1.609    2.0    0.0 
      0 2006  282  18379   12.5   28.7  1.337    2.0    0.0 
      0 2006  283  18192   13.8   30.1  1.368    2.6    0.0 
      0 2006  284  16760   13.6   24.7  1.367    3.8    0.0 
      0 2006  285  14485   14.1   26.4  1.513    1.2    0.0 
      0 2006  286  16336   14.7   28.0  1.698    1.2    0.0 
      0 2006  287  16243   15.2   29.8  1.713    1.8    0.0 
      0 2006  288  16676   15.2   29.0  1.739    1.7    0.0 
      0 2006  289  10553   16.4   26.0  1.737    1.3    1.0 
      0 2006  290  15373   15.3   21.9  1.405    4.5    0.0 
      0 2006  291  10554   13.7   23.1  1.384    1.3    0.1 
      0 2006  292  15999   15.0   27.5  1.617    1.9    0.0 
      0 2006  293  11568   16.7   24.1  1.611    3.2    0.6 
      0 2006  294   7621   16.5   22.7  1.718    1.9    1.0 
      0 2006  295  16448   13.0   25.0  1.081    2.5    0.0 
      0 2006  296  14087   10.7   18.8  0.659    2.8    0.0 
      0 2006  297  12886   10.6   18.7  0.827    1.8    1.6 
      0 2006  298  13919    8.8   21.0  0.918    1.9    0.0 
      0 2006  299  15248    9.4   19.4  0.970    1.8    0.0 
      0 2006  300  15061    9.5   21.3  1.060    2.4    0.0 
      0 2006  301  15194    9.9   25.7  1.018    1.8    0.0 
      0 2006  302  14784    9.1   23.2  0.979    1.3    0.0 
      0 2006  303  14112   12.2   24.2  1.099    2.0    0.0 
      0 2006  304  11547   10.1   25.5  0.857    1.8    0.0 
      0 2006  305  14579    8.0   24.6  0.749    2.0    0.0 
      0 2006  306  13915    8.2   25.3  0.862    2.5    0.0 
      0 2006  307  14447    8.3   25.1  0.825    2.5    0.0 
      0 2006  308  14240   11.4   26.7  0.684    3.2    0.0 
      0 2006  309  14461    6.4   21.8  0.522    2.5    0.0 
      0 2006  310  14140    4.9   20.1  0.417    2.4    0.0 
      0 2006  311  13970    4.3   21.4  0.535    2.4    0.0 
      0 2006  312  13367    9.5   26.3  0.691    3.4    0.0 
      0 2006  313  12528    7.0   22.7  0.621    1.6    0.0 
      0 2006  314  12847    8.0   19.8  0.797    2.4    0.0 
      0 2006  315  13160    5.4   18.1  0.789    2.2    0.0 
      0 2006  316  12503    7.0   19.7  0.746    2.0    0.0 
      0 2006  317  12521    7.7   17.6  0.610    4.4    0.0 
      0 2006  318  13370    3.3   16.1  0.417    2.3    0.0 
      0 2006  319  11053    0.6   17.4  0.478    1.4    0.9 
      0 2006  320  10433    7.5   15.9  0.805    1.3    0.0 
      0 2006  321   7624    5.9   15.7  0.770    0.9    0.0 
      0 2006  322   9126    5.6   15.5  0.828    2.2    1.2 
      0 2006  323   8792    7.6   16.3  0.955    1.9    0.4 
      0 2006  324   8894    7.3   16.5  0.979    2.8    0.0 
      0 2006  325  11858    4.1   18.5  0.877    1.8    0.0 
      0 2006  326   2132    3.9   10.5  0.817    6.1    8.1 
      0 2006  327   3802    2.1    4.6  0.648    4.7    6.9 
      0 2006  328   5387    2.5    7.1  0.580    4.3    1.7 
      0 2006  329    976    4.0    6.8  0.759    1.5   10.8 
      0 2006  330   1904    6.1    8.5  0.863    2.0    6.3 
      0 2006  331   7522    2.5    9.6  0.739    2.4    3.5 
      0 2006  332  10906   -0.8   11.6  0.651    1.7    0.0 
      0 2006  333  11097    1.5   11.3  0.661    1.7    0.0 
      0 2006  334  10894   -1.7   13.1  0.594    1.7    0.0 
      0 2006  335  11498   -0.7   13.5  0.429    2.4    0.0 
      0 2006  336  11335   -4.6    6.3  0.403    1.7    0.0 
      0 2006  337  11125   -2.5    7.1  0.429    1.0    0.0 
      0 2006  338   9442   -1.9    8.2  0.495    1.7    0.0 
      0 2006  339   9839   -2.1    7.6  0.500    2.6    0.0 
      0 2006  340   3635   -1.2    5.7  0.477    1.9    0.0 
      0 2006  341   3627    1.4    4.4  0.417    4.2    0.3 
      0 2006  342   6419   -1.4    3.9  0.424    1.5    0.0 
      0 2006  343   8714   -2.1    6.5  0.493    1.4    0.0 
      0 2006  344  10683   -1.9    9.7  0.486    2.3    0.0 
      0 2006  345  10639   -2.4   12.4  0.549    1.9    0.0 
      0 2006  346  10401   -3.2   12.6  0.558    1.2    0.0 
      0 2006  347   9239   -2.2   10.6  0.445    2.1    0.0 
      0 2006  348  10864   -3.8   12.1  0.400    2.7    0.0 
      0 2006  349  10713   -1.0   12.1  0.341    2.9    0.0 
      0 2006  350  10882   -2.3    8.6  0.256    3.3    0.0 
      0 2006  351  10851   -4.5    3.1  0.228    2.2    0.0 
      0 2006  352  10345   -2.3   11.6  0.363    2.8    0.0 
      0 2006  353  10355   -3.7    9.5  0.398    1.6    0.0 
      0 2006  354  10756   -2.6   12.5  0.406    2.1    0.0 
      0 2006  355  10524   -3.3   11.5  0.415    2.0    0.0 
      0 2006  356  10590   -1.8   10.4  0.456    1.4    0.0 
      0 2006  357   7521    0.2   10.3  0.486    2.2    0.0 
      0 2006  358  10189    1.8   10.0  0.554    1.0    0.0 
      0 2006  359  10414    0.9   10.8  0.610    1.0    0.0 
      0 2006  360  10281    1.4   10.4  0.664    2.0    0.0 
      0 2006  361   5847   -0.8    5.1  0.511    2.6    0.0 
      0 2006  362   8416   -2.4    3.6  0.395    1.4    0.0 
      0 2006  363  10329   -3.6    4.5  0.387    1.2    0.4 
      0 2006  364   5727   -1.6    3.3  0.524    1.5    0.6 
      0 2006  365   5439   -2.0    3.4  0.523    1.1    0.1 
