*---------------------------------------------------------------------------*
*Station name: 35.135916 113.763737
* Column  Daily value
* 1       station number
* 2       year
* 3       day
* 4       irradiation                   (kJ m-2 d-1)
* 5       minimum temperature           (degrees Celsius)
* 6       maximum temperature           (degrees Celsius)
* 7       early morning vapour pressure (kPa)
* 8       mean wind speed (height: 2 m) (m s-1)
* 9       precipitation                 (mm d-1)
*
* era5
* Created by era2cabo, by Alex 
* File created: 2019-05-08 23:00:04.442527
** WCCFORMAT=2
*---------------------------------------------------------------------------*
113.763737  35.135916  50.000000  -0.180000  -0.550000 
      0 2012    1   9364   -3.3    5.4  0.520    1.7    0.0 
      0 2012    2   9649   -2.6    9.3  0.498    2.3    0.0 
      0 2012    3  11383   -4.8    5.6  0.325    1.4    0.0 
      0 2012    4  11656   -7.5    2.6  0.221    1.5    0.0 
      0 2012    5  11106   -5.9    4.9  0.247    2.0    0.0 
      0 2012    6  11344   -5.0    4.8  0.282    2.6    0.0 
      0 2012    7  10692   -4.6    3.8  0.321    1.5    0.0 
      0 2012    8  10637   -3.8    6.5  0.404    1.8    0.0 
      0 2012    9  11201   -3.3    8.0  0.467    1.2    0.0 
      0 2012   10   9711   -4.8    5.9  0.489    1.3    0.0 
      0 2012   11  11867   -3.3    2.8  0.353    2.4    0.0 
      0 2012   12  11071   -4.6    6.6  0.383    2.5    0.0 
      0 2012   13  10446   -3.8    6.7  0.430    1.3    0.0 
      0 2012   14   8936   -2.1    6.4  0.485    1.0    0.0 
      0 2012   15   7671   -2.9    5.5  0.500    1.0    0.0 
      0 2012   16   5733   -2.2    5.4  0.520    1.3    0.2 
      0 2012   17   8697   -2.4    5.8  0.560    1.1    0.0 
      0 2012   18   3993   -0.9    5.1  0.585    2.5    0.4 
      0 2012   19   8661    0.2    7.1  0.568    1.0    0.0 
      0 2012   20   5378   -1.0    3.8  0.532    4.3    0.8 
      0 2012   21   9309   -4.3   -0.0  0.296    4.6    0.2 
      0 2012   22  10821   -5.9   -0.4  0.252    1.3    0.0 
      0 2012   23  13141   -7.7    2.6  0.315    1.5    0.0 
      0 2012   24  13637   -6.7    3.7  0.237    1.8    0.0 
      0 2012   25  13817   -7.2    6.0  0.234    3.0    0.0 
      0 2012   26  13141   -5.3    8.8  0.319    2.7    0.0 
      0 2012   27  12335   -3.3    7.5  0.374    2.8    0.0 
      0 2012   28  12143   -2.1    7.8  0.438    1.6    0.0 
      0 2012   29  11861   -1.8    5.2  0.409    2.8    0.0 
      0 2012   30  12973   -4.3    6.4  0.420    2.0    0.0 
      0 2012   31  13899   -2.9   11.6  0.474    3.8    0.0 
      0 2012   32  10949   -3.6    1.9  0.257    4.0    0.0 
      0 2012   33  13801   -6.2    1.9  0.205    2.0    0.0 
      0 2012   34  14552   -5.0    8.3  0.311    2.5    0.0 
      0 2012   35   9578   -2.8    7.0  0.384    2.4    0.0 
      0 2012   36  10865   -2.2    9.6  0.511    2.0    0.0 
      0 2012   37  12556   -1.9    9.2  0.399    2.4    0.0 
      0 2012   38  15364   -7.0    2.3  0.145    2.4    0.0 
      0 2012   39  14624   -6.3    5.5  0.166    2.0    0.0 
      0 2012   40  10182   -5.2    4.8  0.206    1.2    0.0 
      0 2012   41  14374   -4.1    6.0  0.215    1.7    0.0 
      0 2012   42  15732   -3.6    8.9  0.252    1.7    0.0 
      0 2012   43   8633   -2.6    5.9  0.363    1.7    0.1 
      0 2012   44  15141   -1.9    9.1  0.472    1.2    0.0 
      0 2012   45  14834   -2.1   10.9  0.534    2.6    0.0 
      0 2012   46  10124    1.3    8.1  0.487    2.0    0.0 
      0 2012   47  15974   -2.4    7.2  0.358    2.8    0.0 
      0 2012   48  14383   -4.6    7.3  0.225    1.7    0.0 
      0 2012   49  16664   -5.2    7.4  0.199    1.7    0.0 
      0 2012   50  17196   -5.7   10.2  0.238    1.5    0.0 
      0 2012   51  16330    0.2   12.5  0.389    1.2    0.0 
      0 2012   52  12854   -0.8   11.9  0.507    1.5    0.0 
      0 2012   53  15494   -0.3   15.2  0.611    2.2    0.0 
      0 2012   54  13846    1.0    8.8  0.316    5.8    0.0 
      0 2012   55  15614   -0.1    9.0  0.324    1.8    0.0 
      0 2012   56  17004    0.4    7.2  0.289    3.4    0.0 
      0 2012   57  15303   -1.6    7.4  0.305    1.1    0.0 
      0 2012   58  17091   -1.0    9.4  0.350    1.8    0.0 
      0 2012   59  17341   -2.9    9.4  0.393    1.6    0.0 
      0 2012   60   9656    1.7    9.3  0.518    1.5    0.0 
      0 2012   61   2691    1.8    5.1  0.648    2.2    6.8 
      0 2012   62  10112    1.2    6.8  0.585    3.5    0.0 
      0 2012   63   8414    1.5    5.7  0.420    3.8    0.5 
      0 2012   64  16264   -1.5    8.0  0.395    2.2    0.0 
      0 2012   65  16518   -1.6   13.8  0.477    2.3    0.0 
      0 2012   66  17686    0.1   12.0  0.349    1.7    0.0 
      0 2012   67  18358   -0.1   13.3  0.382    1.5    0.0 
      0 2012   68  13111    4.1    8.4  0.301    3.8    0.0 
      0 2012   69  17385    0.5   10.7  0.341    2.0    0.0 
      0 2012   70  16796   -0.4   16.9  0.496    2.9    0.0 
      0 2012   71  20525   -0.7    7.3  0.167    4.2    0.0 
      0 2012   72  19403   -0.2   11.7  0.327    2.3    0.0 
      0 2012   73  20307   -1.5   18.1  0.495    2.5    0.0 
      0 2012   74  16153    3.7   16.2  0.500    3.3    0.0 
      0 2012   75   4637    7.4   11.1  0.539    4.4    1.8 
      0 2012   76  17961    1.9   18.2  0.803    1.8    0.0 
      0 2012   77  19920    3.7   19.9  0.830    1.5    0.0 
      0 2012   78  19358    5.4   12.4  0.629    5.9    0.0 
      0 2012   79   6199    1.9    5.3  0.438    3.3    1.1 
      0 2012   80  19414    0.3   11.5  0.488    1.7    0.0 
      0 2012   81   3920    0.7    6.5  0.614    1.6   10.7 
      0 2012   82   9093    3.7    9.5  0.743    1.8    1.1 
      0 2012   83  22999    3.2   15.7  0.509    4.3    0.2 
      0 2012   84  23233    0.8   20.7  0.396    3.2    0.0 
      0 2012   85  22866    1.4   19.0  0.534    1.9    0.0 
      0 2012   86  20662    6.1   22.6  0.730    1.6    0.0 
      0 2012   87  22619    4.8   25.6  0.694    1.8    0.0 
      0 2012   88  20827    9.4   24.5  0.663    2.5    0.0 
      0 2012   89  20111   13.0   25.5  1.046    2.0    0.0 
      0 2012   90  21822   10.7   20.7  0.412    3.9    0.0 
      0 2012   91  24295    7.3   24.4  0.268    4.1    0.0 
      0 2012   92  23200   10.2   24.7  0.668    2.1    0.0 
      0 2012   93  10069    6.1   15.0  0.574    4.0    1.0 
      0 2012   94  24282    0.9   22.2  0.471    2.6    0.0 
      0 2012   95  21379    7.1   26.8  0.410    3.0    0.0 
      0 2012   96  24515    7.3   23.4  0.393    2.9    0.0 
      0 2012   97  24402    8.0   26.2  0.421    1.8    0.0 
      0 2012   98  23796    8.6   28.2  0.542    2.2    0.0 
      0 2012   99  24365    9.2   29.8  0.567    2.2    0.0 
      0 2012  100  13023   12.9   25.2  0.961    1.6    0.1 
      0 2012  101  17423   14.3   25.9  1.251    1.9    0.0 
      0 2012  102  16384   11.3   22.9  1.217    3.3    0.0 
      0 2012  103   7915   11.5   19.6  0.992    2.1    2.7 
      0 2012  104  24096    7.2   26.2  0.723    2.7    0.0 
      0 2012  105  18828   10.3   26.1  0.875    3.0    0.0 
      0 2012  106  20818    9.9   27.9  1.006    2.6    0.0 
      0 2012  107  23352   12.1   22.2  1.027    4.6    0.0 
      0 2012  108  20867   11.1   24.6  1.199    2.2    0.0 
      0 2012  109  16735   14.8   25.4  1.422    1.5    0.1 
      0 2012  110  22827   13.5   27.8  1.562    1.8    0.1 
      0 2012  111  10599   14.2   21.1  1.563    1.7    0.2 
      0 2012  112  16854   13.1   23.4  1.500    1.4    0.1 
      0 2012  113  24886   11.9   27.2  1.667    1.6    0.0 
      0 2012  114  21207   14.4   29.1  1.781    2.2    8.2 
      0 2012  115   3979   14.7   22.4  1.909    3.1   19.5 
      0 2012  116  26409    9.0   23.5  0.896    3.0    0.0 
      0 2012  117  25993    7.9   26.1  1.075    2.8    0.0 
      0 2012  118  26502   12.2   30.4  1.441    2.9    0.0 
      0 2012  119  24582   15.3   24.1  1.057    3.9    0.0 
      0 2012  120  25486   12.7   25.3  0.930    3.2    0.0 
      0 2012  121  15230   14.4   25.2  1.503    3.0    0.2 
      0 2012  122  20164   17.3   26.2  1.675    2.8    0.1 
      0 2012  123  25411   14.0   28.2  1.646    1.8    0.0 
      0 2012  124  23768   16.0   28.4  1.628    1.4    0.0 
      0 2012  125  25942   15.6   30.4  1.587    2.7    0.0 
      0 2012  126  26173   15.8   31.7  1.530    2.6    0.0 
      0 2012  127  25904   15.3   32.7  1.608    2.6    0.0 
      0 2012  128  17224   20.5   29.1  2.133    1.8    2.0 
      0 2012  129  22966   19.2   29.8  2.119    2.5    0.3 
      0 2012  130  22546   17.7   30.0  2.057    1.7    0.7 
      0 2012  131  22452   18.9   30.4  2.276    1.8    0.3 
      0 2012  132  20155   18.3   28.1  1.951    1.6    0.6 
      0 2012  133  14522   16.4   27.6  1.899    1.0    3.7 
      0 2012  134  22666   12.8   26.7  1.478    1.9    0.0 
      0 2012  135  24864   15.7   29.1  1.095    2.4    0.0 
      0 2012  136  28322   12.8   29.3  0.873    2.3    0.0 
      0 2012  137  26417   13.8   31.5  0.946    2.4    0.2 
      0 2012  138  28281   13.3   31.4  1.032    1.9    0.0 
      0 2012  139  17748   18.1   31.2  1.594    2.2    0.4 
      0 2012  140  26957   17.9   31.3  1.673    2.2    0.1 
      0 2012  141  26733   17.6   30.0  1.692    1.9    0.0 
      0 2012  142  15830   16.6   26.0  1.618    1.9    0.0 
      0 2012  143  12671   18.0   26.0  1.674    1.7    0.3 
      0 2012  144  21397   15.4   28.1  1.842    1.7    0.3 
      0 2012  145  15037   18.6   28.0  1.669    1.1    0.0 
      0 2012  146  23784   15.7   29.3  1.472    1.7    0.0 
      0 2012  147  25120   16.7   31.5  1.523    1.4    0.0 
      0 2012  148  25399   17.2   33.0  1.602    1.9    0.0 
      0 2012  149  24171   18.0   32.0  1.696    1.9    0.0 
      0 2012  150   9610   18.3   24.3  1.486    1.9    0.1 
      0 2012  151  25551   14.5   28.4  1.603    3.0    0.0 
      0 2012  152  19491   18.8   28.2  1.542    2.5    0.0 
      0 2012  153  16764   20.4   29.5  1.751    2.0    0.0 
      0 2012  154  26575   19.5   31.3  1.635    2.0    0.0 
      0 2012  155  24390   21.4   30.9  1.552    2.3    0.0 
      0 2012  156  26457   19.0   32.5  1.679    1.4    0.0 
      0 2012  157  24092   19.0   33.1  1.639    1.6    0.0 
      0 2012  158   9530   23.1   28.9  1.954    1.3    0.0 
      0 2012  159  23893   19.6   33.2  1.905    1.5    0.0 
      0 2012  160  24339   19.5   36.0  1.694    1.1    0.0 
      0 2012  161  27470   19.9   36.9  1.471    1.9    0.0 
      0 2012  162  25843   20.6   33.4  1.601    4.3    0.0 
      0 2012  163  28591   18.9   34.7  1.118    2.1    0.0 
      0 2012  164  28664   18.9   37.3  0.820    2.1    0.0 
      0 2012  165  28397   19.7   40.7  0.947    2.4    0.0 
      0 2012  166  27768   24.0   33.5  1.353    3.8    0.0 
      0 2012  167  27815   19.1   33.3  1.145    2.0    0.0 
      0 2012  168  27804   19.4   35.3  1.174    2.0    0.0 
      0 2012  169  27182   20.8   36.8  1.361    2.2    0.0 
      0 2012  170  26974   22.6   37.4  1.518    2.2    0.0 
      0 2012  171  28439   21.9   36.1  1.793    1.9    0.0 
      0 2012  172  28027   22.4   36.2  1.621    1.7    0.0 
      0 2012  173  27394   22.4   36.9  1.578    1.9    0.0 
      0 2012  174  24839   23.4   36.7  1.843    1.6    0.1 
      0 2012  175  25005   24.9   37.7  2.130    2.2    2.4 
      0 2012  176  21385   24.4   34.7  2.072    1.7    0.0 
      0 2012  177   9643   25.7   29.6  2.095    2.3    1.5 
      0 2012  178  19861   24.2   32.7  2.315    4.3    1.6 
      0 2012  179  14170   23.4   29.7  2.053    4.5    0.2 
      0 2012  180   5433   23.8   27.0  2.164    3.2    0.6 
      0 2012  181   3283   22.4   25.1  2.521    1.5    5.3 
      0 2012  182  23524   20.7   31.9  2.434    1.6    0.1 
      0 2012  183  27739   20.4   35.7  2.218    2.8    0.0 
      0 2012  184  16378   23.2   35.6  2.254    2.7    0.0 
      0 2012  185  26301   22.0   38.3  2.090    2.4    0.0 
      0 2012  186   4397   23.1   28.5  2.582    1.4   19.0 
      0 2012  187  23818   22.5   31.2  2.304    3.2   44.4 
      0 2012  188  25771   21.1   31.5  2.463    1.5    0.0 
      0 2012  189  11020   23.9   29.4  2.746    1.5   11.0 
      0 2012  190  11069   24.4   30.9  2.914    2.0    7.8 
      0 2012  191   8231   25.0   29.2  3.009    2.1    8.6 
      0 2012  192  14328   24.6   31.2  3.049    1.4   16.5 
      0 2012  193  25262   22.9   36.2  3.121    2.2    0.0 
      0 2012  194  25461   23.9   36.4  2.855    1.9    0.3 
      0 2012  195  18067   26.1   30.4  2.515    4.4    0.0 
      0 2012  196  16424   21.8   27.2  2.201    3.5    2.5 
      0 2012  197  21474   19.7   29.3  2.194    1.5    0.0 
      0 2012  198  22867   21.6   30.8  2.225    1.8    0.0 
      0 2012  199  24059   22.1   31.1  2.242    2.4    0.1 
      0 2012  200  22968   22.2   31.6  2.341    1.3    0.2 
      0 2012  201  24306   22.2   33.1  2.493    1.5    0.0 
      0 2012  202  20878   23.6   32.9  2.768    1.6    0.1 
      0 2012  203  11881   25.5   32.0  3.206    1.5    2.3 
      0 2012  204  11547   25.5   31.2  2.880    1.4    1.2 
      0 2012  205  21464   22.6   34.2  2.391    1.9    0.1 
      0 2012  206  22666   25.0   34.9  2.544    2.6    8.9 
      0 2012  207  15999   24.9   33.4  3.193    1.3   20.3 
      0 2012  208  24403   26.5   35.6  3.240    1.9    0.0 
      0 2012  209  24286   25.6   35.1  3.061    1.6    0.2 
      0 2012  210  24056   25.7   35.8  3.050    2.2    0.0 
      0 2012  211  22773   26.8   37.3  3.143    2.3    0.0 
      0 2012  212  19460   25.5   35.2  3.147    2.7   14.6 
      0 2012  213   8528   23.0   29.0  2.778    3.7    6.1 
      0 2012  214  12131   21.2   27.6  2.342    2.8   13.2 
      0 2012  215  20080   22.4   30.5  2.561    2.0    0.4 
      0 2012  216  19102   23.3   31.5  2.559    3.5    0.0 
      0 2012  217  13442   24.5   29.4  2.638    4.9   13.2 
      0 2012  218  11424   23.7   28.6  2.897    4.8   23.4 
      0 2012  219  18576   23.8   31.0  2.832    2.3    0.7 
      0 2012  220  24581   21.0   32.0  2.684    1.0    0.0 
      0 2012  221  25141   21.9   32.4  2.734    1.3    0.0 
      0 2012  222  21197   24.2   31.2  2.687    4.4    0.1 
      0 2012  223  21471   24.5   30.8  2.363    4.4    0.0 
      0 2012  224  21410   24.7   32.0  2.661    2.7    0.0 
      0 2012  225  16887   24.3   32.1  2.648    3.1    0.8 
      0 2012  226  11429   22.5   26.8  2.174    4.6    9.8 
      0 2012  227   6304   21.0   26.0  1.964    2.3    0.1 
      0 2012  228  22117   19.0   29.7  2.296    1.6    0.0 
      0 2012  229  22262   19.8   29.8  2.256    2.2    0.0 
      0 2012  230  20362   20.7   31.2  2.417    1.4    0.0 
      0 2012  231   9371   24.7   31.0  2.857    1.6    1.6 
      0 2012  232  17758   22.5   31.5  2.576    1.1    0.9 
      0 2012  233   4455   23.5   25.2  2.687    0.9   19.3 
      0 2012  234  13962   22.4   28.3  2.406    3.4    2.6 
      0 2012  235  24280   16.7   28.5  1.683    1.7    0.0 
      0 2012  236  23578   15.6   27.8  1.254    1.5    0.0 
      0 2012  237  24368   14.9   28.1  1.519    1.4    0.0 
      0 2012  238  23541   16.5   29.2  1.730    1.1    0.1 
      0 2012  239  19290   17.9   30.5  2.010    1.0    1.5 
      0 2012  240  10788   21.8   27.0  2.505    1.8    2.7 
      0 2012  241  19695   20.4   31.3  2.475    1.4    0.1 
      0 2012  242  22956   20.3   36.1  2.401    1.4    0.0 
      0 2012  243  21756   21.0   34.3  2.531    1.9    0.0 
      0 2012  244  11971   23.7   31.1  2.700    1.6    2.5 
      0 2012  245   5289   23.1   28.4  2.758    2.5   12.6 
      0 2012  246   7932   20.6   27.4  2.327    2.1    8.1 
      0 2012  247  21721   17.4   28.9  1.871    1.7    0.0 
      0 2012  248  17678   18.8   26.4  1.737    2.4    0.0 
      0 2012  249  17786   18.4   28.8  1.890    1.9    0.0 
      0 2012  250  19240   18.7   28.4  1.988    1.8    0.0 
      0 2012  251  17850   19.4   28.4  2.054    2.1    0.3 
      0 2012  252   6663   19.8   26.6  2.154    2.0   15.5 
      0 2012  253  18732   16.7   28.3  1.985    1.8    0.0 
      0 2012  254  14267   18.1   26.8  2.024    1.4    0.0 
      0 2012  255   2689   18.9   22.2  2.187    1.2   11.2 
      0 2012  256  11013   17.4   25.3  1.939    1.2    0.2 
      0 2012  257  22048   12.4   26.2  1.173    2.5    0.1 
      0 2012  258  20623   12.4   25.9  1.200    2.1    0.0 
      0 2012  259  20717   13.9   25.8  1.208    2.1    0.0 
      0 2012  260  20676   14.6   26.5  1.154    2.7    0.0 
      0 2012  261  20268   13.9   27.0  1.314    1.6    0.0 
      0 2012  262  17901   14.9   29.2  1.465    1.3    0.4 
      0 2012  263  18161   15.9   29.1  1.607    1.7    2.0 
      0 2012  264  16015   13.7   26.6  1.657    1.3    0.0 
      0 2012  265   7656   18.2   25.1  1.910    0.5    0.2 
      0 2012  266  17009   17.5   27.6  1.967    1.1    0.3 
      0 2012  267  15910   16.8   28.0  1.882    1.4    0.0 
      0 2012  268  17234   18.4   27.9  1.728    3.1    0.0 
      0 2012  269  12199   18.6   26.1  2.035    1.4    3.3 
      0 2012  270   5884   19.6   23.0  2.035    2.0    0.4 
      0 2012  271  18540   16.8   30.5  1.655    2.9    0.0 
      0 2012  272  20753   10.3   24.6  0.687    1.7    0.0 
      0 2012  273  20277    9.2   25.2  0.764    1.5    0.0 
      0 2012  274  20037   11.0   26.6  0.841    1.3    0.0 
      0 2012  275  19646   12.7   28.1  0.951    1.4    0.0 
      0 2012  276  18811   13.5   28.6  1.072    1.9    0.0 
      0 2012  277  17564   16.7   30.3  1.267    2.1    0.0 
      0 2012  278  13345   17.5   26.2  1.062    2.8    0.0 
      0 2012  279  10884   17.3   24.9  1.455    1.7    0.6 
      0 2012  280  17775   12.7   25.8  1.145    2.3    0.0 
      0 2012  281  10818   15.6   24.8  1.287    1.7    0.0 
      0 2012  282  16279   13.1   25.7  1.355    1.7    0.0 
      0 2012  283  18158   15.2   28.9  1.029    2.5    0.0 
      0 2012  284  18231   13.3   22.9  0.679    2.4    0.0 
      0 2012  285  17297   12.0   25.3  0.802    2.4    0.0 
      0 2012  286  14432   14.4   27.4  1.142    2.7    0.0 
      0 2012  287  15639   14.8   27.5  1.209    2.3    0.0 
      0 2012  288  16451   14.8   24.4  0.843    3.9    0.0 
      0 2012  289   7667   17.2   22.4  1.106    3.7    0.1 
      0 2012  290   8647   13.0   23.8  1.018    2.4    0.1 
      0 2012  291  17765    6.0   21.9  0.439    2.3    0.0 
      0 2012  292  15827    9.3   23.2  0.700    1.2    0.0 
      0 2012  293  13575   13.2   23.7  0.991    1.2    0.0 
      0 2012  294  16124   11.8   25.9  1.067    1.4    0.0 
      0 2012  295   9816   12.8   23.3  1.187    1.9    1.2 
      0 2012  296  16288    9.5   23.4  0.593    2.7    0.0 
      0 2012  297  13939    5.9   22.3  0.610    3.1    0.0 
      0 2012  298  13741    9.4   24.8  0.764    2.3    0.0 
      0 2012  299  15081    9.4   23.9  0.913    1.2    0.0 
      0 2012  300  11092   10.5   21.4  1.076    1.4    0.0 
      0 2012  301  15235    9.6   25.0  1.009    1.8    0.0 
      0 2012  302  14369   10.2   22.1  0.955    2.7    0.9 
      0 2012  303   8196   11.4   20.5  1.181    2.5    2.1 
      0 2012  304  13365    9.9   17.6  0.572    3.5    0.3 
      0 2012  305  14840    4.1   16.8  0.466    2.0    0.0 
      0 2012  306  14629    7.0   20.0  0.604    1.3    0.0 
      0 2012  307  13831    7.3   20.0  0.796    2.0    0.0 
      0 2012  308   5627    6.2   14.1  0.687    3.9    4.9 
      0 2012  309  14444    3.9   13.2  0.290    5.1    0.0 
      0 2012  310  14125    0.3   14.0  0.410    1.8    0.0 
      0 2012  311  14030    2.3   16.8  0.501    2.4    0.0 
      0 2012  312   7362    6.8   17.0  0.717    0.9    0.2 
      0 2012  313  12431    6.8   17.0  0.759    1.9    0.0 
      0 2012  314   8715    7.1   15.2  0.691    3.3    0.1 
      0 2012  315   5508    5.2   15.4  0.821    2.7    3.5 
      0 2012  316  13672    3.5   13.8  0.298    4.0    0.0 
      0 2012  317  11262   -0.5   16.3  0.373    2.6    0.0 
      0 2012  318  13042   -0.1   15.7  0.421    2.0    0.0 
      0 2012  319  12774    2.0   12.2  0.338    2.2    0.0 
      0 2012  320   6876    2.8   10.8  0.416    1.9    0.1 
      0 2012  321  11802    3.3   15.5  0.546    2.5    0.1 
      0 2012  322  12368    0.7   16.1  0.554    1.5    0.0 
      0 2012  323  12024    3.0   17.6  0.762    1.8    0.0 
      0 2012  324  12230    3.6   13.2  0.496    2.3    0.0 
      0 2012  325   6264    4.3   12.2  0.542    1.3    0.0 
      0 2012  326   8350    5.8   13.8  0.632    1.1    0.0 
      0 2012  327   7332    4.8   15.2  0.663    2.2    0.0 
      0 2012  328   8973    2.1   10.0  0.413    2.3    0.0 
      0 2012  329  11720   -1.6   12.1  0.467    1.6    0.0 
      0 2012  330   4196    4.8   11.3  0.727    1.7    5.7 
      0 2012  331  11973    1.1   11.9  0.263    2.8    0.0 
      0 2012  332  11746   -1.1   15.1  0.424    2.9    0.0 
      0 2012  333  11578   -1.2   10.2  0.277    1.8    0.0 
      0 2012  334  10186   -1.3   10.1  0.274    1.4    0.0 
      0 2012  335  11335   -2.4    8.6  0.311    3.9    0.0 
      0 2012  336   3597   -1.0    2.7  0.404    3.0    1.2 
      0 2012  337   9664   -3.1    6.4  0.562    2.8    0.0 
      0 2012  338  11519   -1.0   10.4  0.225    2.8    0.0 
      0 2012  339  10054   -3.6   11.1  0.321    2.0    0.0 
      0 2012  340  11378   -3.0    9.5  0.216    2.9    0.0 
      0 2012  341   9186   -3.4   10.0  0.266    2.6    0.0 
      0 2012  342  11064   -5.0   11.2  0.279    2.2    0.0 
      0 2012  343  11032   -4.5    7.6  0.245    2.3    0.0 
      0 2012  344  10916   -4.6    5.0  0.229    1.8    0.0 
      0 2012  345  10645   -3.7    6.4  0.245    1.7    0.0 
      0 2012  346  10135   -3.3    4.6  0.228    2.7    0.0 
      0 2012  347  10226   -4.9    5.3  0.340    1.5    0.0 
      0 2012  348   1895    0.4    2.4  0.495    3.7    7.3 
      0 2012  349   9846   -2.6    6.2  0.541    1.0    0.0 
      0 2012  350   7255   -2.9    5.8  0.574    1.2    0.1 
      0 2012  351   4503    1.3    6.1  0.674    0.9    0.4 
      0 2012  352   4288   -1.3    3.1  0.583    2.7    0.0 
      0 2012  353   7936   -3.0    3.3  0.353    1.7    0.0 
      0 2012  354   6016   -4.1    2.4  0.352    1.8    0.0 
      0 2012  355   3234   -1.6    1.9  0.394    2.5    3.2 
      0 2012  356   8729   -3.9    4.6  0.484    1.4    0.1 
      0 2012  357   8798   -3.3    5.5  0.379    1.7    0.0 
      0 2012  358  11210   -7.8    0.2  0.151    1.8    0.0 
      0 2012  359  10659   -7.4    2.9  0.235    2.2    0.0 
      0 2012  360  10645   -6.2    0.6  0.205    3.4    0.0 
      0 2012  361   9091   -6.9    0.7  0.257    1.3    0.0 
      0 2012  362   6581   -4.1    2.2  0.403    1.1    0.1 
      0 2012  363   6543   -3.6    3.9  0.484    1.0    0.0 
      0 2012  364   9145   -5.4    3.1  0.300    2.2    0.2 
      0 2012  365  11460   -5.8    5.3  0.156    3.4    0.0 
      0 2012  366  11341   -6.6    7.8  0.202    2.9    0.0 
