*---------------------------------------------------------------------------*
*Station name: 35.135916 113.763737
* Column  Daily value
* 1       station number
* 2       year
* 3       day
* 4       irradiation                   (kJ m-2 d-1)
* 5       minimum temperature           (degrees Celsius)
* 6       maximum temperature           (degrees Celsius)
* 7       early morning vapour pressure (kPa)
* 8       mean wind speed (height: 2 m) (m s-1)
* 9       precipitation                 (mm d-1)
*
* era5
* Created by era2cabo, by Alex 
* File created: 2019-05-10 18:11:39.892983
** WCCFORMAT=2
*---------------------------------------------------------------------------*
113.763737  35.135916  50.000000  -0.180000  -0.550000 
      0 1997    1  11451   -4.3    5.6  0.215    1.6   -0.0 
      0 1997    2  11075   -5.7    6.5  0.289    2.0   -0.0 
      0 1997    3   6220   -3.2    4.0  0.303    1.8   -0.0 
      0 1997    4   5216   -5.2    6.9  0.382    2.2    0.2 
      0 1997    5  10248   -7.2    1.3  0.305    1.9    0.1 
      0 1997    6  11413   -6.4    1.0  0.245    2.0   -0.0 
      0 1997    7  11677   -7.4    0.3  0.197    2.4   -0.0 
      0 1997    8   8302   -7.1   -0.3  0.216    1.9   -0.0 
      0 1997    9  11551   -5.5    5.7  0.317    2.0   -0.0 
      0 1997   10  11689   -5.0    4.4  0.319    1.9   -0.0 
      0 1997   11  11847   -4.1    7.8  0.356    1.6   -0.0 
      0 1997   12  11809   -2.3    9.5  0.443    1.1   -0.0 
      0 1997   13  10470   -2.7    6.1  0.337    3.8   -0.0 
      0 1997   14  11951   -5.9    2.2  0.180    1.6    0.1 
      0 1997   15   8390   -4.6    3.4  0.359    2.4    0.1 
      0 1997   16  11992   -3.5    7.6  0.442    1.4   -0.0 
      0 1997   17  11560   -4.1    6.8  0.397    3.0    0.0 
      0 1997   18  12745   -5.6    7.2  0.332    2.6   -0.0 
      0 1997   19  12944   -2.7   11.7  0.342    2.4   -0.0 
      0 1997   20   8086   -1.0    7.1  0.327    3.4   -0.0 
      0 1997   21  13195   -2.9    3.4  0.311    3.8   -0.0 
      0 1997   22   6201   -2.8    2.4  0.391    2.1    1.6 
      0 1997   23  12204   -2.6    3.9  0.374    2.1    0.9 
      0 1997   24  13324   -6.5    5.8  0.357    1.4   -0.0 
      0 1997   25  13910   -5.9   10.0  0.253    2.9   -0.0 
      0 1997   26  13854   -5.0   12.1  0.260    3.2   -0.0 
      0 1997   27  13820   -2.4   11.9  0.297    3.3   -0.0 
      0 1997   28  13908   -4.5   11.9  0.350    1.9   -0.0 
      0 1997   29  13860   -3.4    9.7  0.372    1.7   -0.0 
      0 1997   30   5919    1.8    7.8  0.584    1.8    2.4 
      0 1997   31  10417   -3.0    9.5  0.579    2.4    0.1 
      0 1997   32   9521   -1.7    6.3  0.543    2.6    0.9 
      0 1997   33   9904   -2.7    4.3  0.385    3.2    0.0 
      0 1997   34   9346   -2.6    3.1  0.346    2.5    0.0 
      0 1997   35  12973   -3.8    6.2  0.427    2.1    0.0 
      0 1997   36  14543   -4.0    8.8  0.430    2.4   -0.0 
      0 1997   37  13051   -3.2    5.6  0.272    2.1   -0.0 
      0 1997   38  14111   -3.6    8.8  0.364    1.9   -0.0 
      0 1997   39  14751   -1.1   11.0  0.490    1.6   -0.0 
      0 1997   40  14625   -1.9   13.5  0.538    1.8   -0.0 
      0 1997   41  15426   -3.0    9.5  0.369    2.0    0.0 
      0 1997   42  16249   -3.4    8.5  0.254    1.8   -0.0 
      0 1997   43  15998   -4.6   10.1  0.324    1.6   -0.0 
      0 1997   44  16167   -3.5   11.4  0.348    1.4   -0.0 
      0 1997   45  14734   -1.1   13.8  0.453    2.5   -0.0 
      0 1997   46  16769   -0.5   11.7  0.270    2.4   -0.0 
      0 1997   47  14925   -3.4    5.0  0.214    2.7   -0.0 
      0 1997   48  16806   -3.8   12.8  0.307    1.9   -0.0 
      0 1997   49  17344   -4.9   13.3  0.248    1.7   -0.0 
      0 1997   50  17181   -2.3   15.3  0.319    1.9   -0.0 
      0 1997   51  17586   -1.3   17.6  0.331    1.9   -0.0 
      0 1997   52  16896    1.2   13.9  0.314    2.3   -0.0 
      0 1997   53  16009    2.2   12.1  0.428    1.8   -0.0 
      0 1997   54  13200    1.1   13.4  0.520    1.3    0.0 
      0 1997   55  12483    2.6   13.5  0.784    1.7    0.1 
      0 1997   56  11141    1.8   14.2  0.864    1.4    0.0 
      0 1997   57   4233    7.1   11.3  0.849    2.7    0.0 
      0 1997   58   1865    6.5    8.8  0.892    1.8   14.6 
      0 1997   59  16035    0.4   15.4  0.733    0.9    0.0 
      0 1997   60  16918   -1.1   16.9  0.559    2.1    0.0 
      0 1997   61  19063   -2.8   12.3  0.456    1.5   -0.0 
      0 1997   62  19527   -2.8   16.0  0.485    2.5   -0.0 
      0 1997   63  19466    0.4   19.6  0.621    2.7   -0.0 
      0 1997   64  16873    5.4   19.9  0.836    1.9    0.0 
      0 1997   65  19585    3.7   21.5  0.768    2.1   -0.0 
      0 1997   66  19388    6.3   19.9  0.743    1.8   -0.0 
      0 1997   67  16915    6.9   21.3  0.895    2.1    0.0 
      0 1997   68   8389    8.5   13.8  0.633    3.8    0.3 
      0 1997   69  14881    7.2   17.1  0.805    1.1    0.3 
      0 1997   70   1941    7.7   11.4  0.887    4.0    6.7 
      0 1997   71   3529    7.1   10.0  0.823    3.6    1.1 
      0 1997   72   1378    7.0    8.1  0.938    3.2   24.4 
      0 1997   73  14591    5.2    9.1  0.687    4.8    0.1 
      0 1997   74  16291    0.6   11.5  0.766    1.3   -0.0 
      0 1997   75  19198    3.6   13.0  0.696    2.9   -0.0 
      0 1997   76  20777    0.1   13.5  0.707    1.3   -0.0 
      0 1997   77  10344    4.4   11.2  0.781    1.6   -0.0 
      0 1997   78  11847    4.2   12.0  0.784    3.3    0.0 
      0 1997   79  18447    3.6   14.4  0.748    1.6    0.0 
      0 1997   80  16369    4.8   15.6  0.900    1.3    0.0 
      0 1997   81  14201    6.9   15.4  0.965    2.1    0.1 
      0 1997   82  18012    5.0   11.8  0.725    4.1    0.1 
      0 1997   83  17866    4.3   12.9  0.629    2.0   -0.0 
      0 1997   84  19169    3.0   16.2  0.852    2.3    0.0 
      0 1997   85  16147    5.0   17.9  1.019    1.6    0.0 
      0 1997   86  16865    6.1   18.7  1.075    1.5    0.2 
      0 1997   87  18238    8.0   21.2  1.150    2.3   -0.0 
      0 1997   88  22104    7.5   26.3  0.937    3.1   -0.0 
      0 1997   89  23304    6.4   15.7  0.564    3.3   -0.0 
      0 1997   90  21527    6.2   21.1  1.024    2.3    0.7 
      0 1997   91   3939   12.4   18.3  1.489    2.3    7.6 
      0 1997   92  14130    9.8   14.7  1.003    6.0    0.2 
      0 1997   93   6547    6.2   10.1  0.768    4.1    0.8 
      0 1997   94  18606    3.5   16.2  0.968    1.5   -0.0 
      0 1997   95  22316    5.0   22.5  1.047    2.2    0.0 
      0 1997   96  24160    7.0   24.3  1.069    1.5   -0.0 
      0 1997   97   9099   10.9   19.8  1.231    1.3    0.3 
      0 1997   98  14705    9.8   16.5  0.822    3.5    0.0 
      0 1997   99  19716    5.9   16.4  0.768    2.4   -0.0 
      0 1997  100  22802    5.5   21.1  0.707    2.1   -0.0 
      0 1997  101  23445    4.7   22.3  0.767    1.5   -0.0 
      0 1997  102  24514    7.0   23.1  0.844    2.5   -0.0 
      0 1997  103  18832    8.8   25.8  1.075    1.5    0.0 
      0 1997  104  18423   12.4   21.9  0.929    3.6    0.2 
      0 1997  105  18024   10.6   22.0  0.995    1.7    0.2 
      0 1997  106  22984    8.9   20.3  0.913    4.4    0.0 
      0 1997  107  11496    9.2   17.0  1.030    2.9    7.1 
      0 1997  108  24562    8.1   20.0  1.166    2.2   -0.0 
      0 1997  109  24896    8.3   22.1  1.299    1.8   -0.0 
      0 1997  110  16084   11.0   22.9  1.407    2.1    0.0 
      0 1997  111  22548   11.3   22.1  1.146    3.2   -0.0 
      0 1997  112  12050   12.1   19.2  1.090    1.5    0.0 
      0 1997  113   9885   12.1   16.0  1.272    1.4    0.2 
      0 1997  114  18923    9.4   19.9  1.277    1.1    0.0 
      0 1997  115  23479    8.7   23.0  1.225    1.7    0.0 
      0 1997  116  24114   10.5   25.3  1.301    1.8   -0.0 
      0 1997  117  23869   13.1   28.3  1.615    1.8    0.0 
      0 1997  118  24053   14.6   32.1  1.599    3.0    0.0 
      0 1997  119  25270   17.0   29.0  1.330    2.3   -0.0 
      0 1997  120  26204   15.3   24.7  1.160    3.6   -0.0 
      0 1997  121  25807   15.5   31.1  1.783    2.7   -0.0 
      0 1997  122  23915   17.5   28.0  1.781    4.0   -0.0 
      0 1997  123  25035   15.0   30.8  1.997    2.4   -0.0 
      0 1997  124  24207   18.9   27.5  1.526    5.8   -0.0 
      0 1997  125  14652   19.5   26.1  1.352    2.3    0.0 
      0 1997  126  14148   13.3   29.1  1.843    3.5   23.5 
      0 1997  127  19584   12.7   20.2  1.128    2.7    0.8 
      0 1997  128  21862   10.9   21.6  1.241    0.9   -0.0 
      0 1997  129  22222   12.2   22.9  1.197    2.0    0.5 
      0 1997  130  15776   13.8   23.1  1.568    1.4    4.6 
      0 1997  131   8646   17.5   21.5  1.729    4.9    0.7 
      0 1997  132   5645   16.1   19.5  1.527    3.4    0.6 
      0 1997  133  19451   13.4   26.3  1.834    2.3    0.0 
      0 1997  134  26187   15.2   31.4  1.969    2.4    0.0 
      0 1997  135  24453   15.9   31.1  1.576    2.4   -0.0 
      0 1997  136  27071   13.2   27.4  1.071    2.8   -0.0 
      0 1997  137  25942   12.3   31.0  1.316    3.2   -0.0 
      0 1997  138  26616   16.8   30.6  1.453    3.0   -0.0 
      0 1997  139  25057   12.9   28.1  1.079    2.1   -0.0 
      0 1997  140  25600   12.3   27.6  1.242    1.8   -0.0 
      0 1997  141  21563   15.8   27.8  1.361    1.8   -0.0 
      0 1997  142  20393   17.1   29.1  1.632    2.6    1.4 
      0 1997  143  26933   15.5   31.8  1.493    2.3   -0.0 
      0 1997  144  27027   16.2   31.8  1.454    2.6   -0.0 
      0 1997  145  27079   17.6   33.4  1.509    3.2   -0.0 
      0 1997  146  24938   16.5   30.0  1.721    2.4   -0.0 
      0 1997  147   6950   16.3   22.5  1.577    1.7    2.9 
      0 1997  148  28537   13.3   28.1  1.326    1.7   -0.0 
      0 1997  149  25093   13.9   29.4  1.411    2.5    0.8 
      0 1997  150  28729   14.2   31.6  1.083    2.7   -0.0 
      0 1997  151  27624   15.4   33.9  1.297    3.5    0.4 
      0 1997  152  29527   12.7   30.0  0.943    2.4   -0.0 
      0 1997  153  27412   14.8   31.3  1.193    2.0   -0.0 
      0 1997  154  27034   17.7   28.8  1.411    4.5   -0.0 
      0 1997  155  27971   15.6   29.0  1.502    2.5   -0.0 
      0 1997  156  27179   20.3   31.4  1.767    4.4   -0.0 
      0 1997  157  16899   21.5   28.9  1.800    4.6    0.7 
      0 1997  158  11315   22.0   28.7  2.017    2.6    0.9 
      0 1997  159  17078   19.1   27.6  1.666    3.0    1.1 
      0 1997  160  21194   18.0   29.8  1.343    2.3   -0.0 
      0 1997  161  24983   16.0   32.3  1.247    2.7    0.9 
      0 1997  162  27946   15.4   33.3  1.368    1.9   -0.0 
      0 1997  163  27447   18.1   35.3  1.398    1.7    0.1 
      0 1997  164  28067   19.2   35.0  1.362    1.6    0.0 
      0 1997  165  26146   19.5   33.6  1.694    1.8    0.4 
      0 1997  166  24946   21.3   33.8  1.751    1.7    0.0 
      0 1997  167  26874   21.1   34.5  1.546    2.1   -0.0 
      0 1997  168  14253   22.6   31.2  1.594    2.0   -0.0 
      0 1997  169  22457   22.0   33.8  1.783    2.3   -0.0 
      0 1997  170  26488   23.1   35.0  1.867    1.7    0.5 
      0 1997  171  22563   22.3   35.9  2.045    1.4    0.0 
      0 1997  172  27473   22.0   37.5  1.823    1.6    0.0 
      0 1997  173  27560   22.5   38.7  1.572    1.6    0.0 
      0 1997  174  23692   22.1   37.6  1.773    1.6    0.1 
      0 1997  175  18616   24.6   34.8  1.979    2.7    0.1 
      0 1997  176  21366   22.6   33.4  2.241    2.6    2.8 
      0 1997  177  22853   22.2   31.1  2.449    3.0    1.9 
      0 1997  178  22450   23.2   32.0  2.529    2.2    0.2 
      0 1997  179  22248   22.9   33.1  2.531    1.7    0.2 
      0 1997  180  12614   24.3   32.1  2.630    1.2    4.7 
      0 1997  181  20451   22.5   31.5  2.656    1.5    0.2 
      0 1997  182  20242   23.4   32.7  2.668    2.5    0.1 
      0 1997  183  13809   24.9   32.2  3.212    1.7    7.8 
      0 1997  184  22687   24.4   35.9  3.228    2.5   14.6 
      0 1997  185   9996   21.9   28.1  2.293    2.3   11.0 
      0 1997  186  14929   20.8   28.7  2.382    2.3    0.3 
      0 1997  187  27651   19.6   33.1  2.406    3.0   -0.0 
      0 1997  188  24323   22.4   32.6  2.598    1.7    0.3 
      0 1997  189  24543   22.5   33.5  2.611    1.7    0.4 
      0 1997  190  25497   22.9   33.9  2.432    1.2   -0.0 
      0 1997  191  22432   22.6   32.6  2.298    1.4    0.0 
      0 1997  192  27221   22.0   33.8  2.004    1.3   -0.0 
      0 1997  193  23263   22.1   34.8  2.182    2.0    0.0 
      0 1997  194  18890   22.6   32.2  2.281    1.2    0.3 
      0 1997  195  11914   23.1   28.1  2.567    0.9    3.7 
      0 1997  196  25512   21.2   33.9  2.484    1.3    0.0 
      0 1997  197  21712   24.3   34.0  2.683    1.6    0.0 
      0 1997  198  14286   24.5   31.6  2.967    3.5    4.1 
      0 1997  199  13386   25.3   31.3  2.859    3.2    2.3 
      0 1997  200   8370   25.1   28.7  3.072    1.1    7.2 
      0 1997  201  22991   23.2   34.7  3.087    2.4    0.2 
      0 1997  202  25663   23.8   34.7  3.182    2.4   -0.0 
      0 1997  203  12816   25.3   31.2  3.238    2.1   15.9 
      0 1997  204  19734   24.7   32.8  3.218    1.7    2.5 
      0 1997  205  22357   24.0   33.0  3.085    1.4    1.1 
      0 1997  206  25807   22.8   34.0  2.848    1.4    0.0 
      0 1997  207  25473   23.6   35.0  2.892    1.7    0.0 
      0 1997  208  25674   23.9   36.1  2.896    1.7    0.0 
      0 1997  209  23783   25.1   36.2  2.911    1.6    0.0 
      0 1997  210  22635   25.6   36.5  2.904    1.8    0.2 
      0 1997  211  19709   26.5   36.2  3.061    1.9    1.5 
      0 1997  212  20454   26.4   35.9  3.195    2.0    3.5 
      0 1997  213  20267   24.9   35.1  3.102    2.3   18.0 
      0 1997  214  16435   23.2   31.1  2.468    3.2    6.8 
      0 1997  215  20113   25.1   32.7  2.870    2.4    3.9 
      0 1997  216  15308   24.7   31.6  2.781    3.6    3.4 
      0 1997  217  19653   24.4   32.2  2.600    2.2    0.1 
      0 1997  218  16664   24.6   32.1  2.892    1.5    1.0 
      0 1997  219   9348   26.5   30.8  3.252    1.8    8.0 
      0 1997  220  23542   26.6   36.9  2.839    1.7    0.4 
      0 1997  221  23047   23.2   34.1  2.147    1.6   -0.0 
      0 1997  222  23410   22.0   34.5  2.231    1.3   -0.0 
      0 1997  223  23947   22.9   35.6  2.505    1.3    0.3 
      0 1997  224  24799   23.7   36.0  2.477    2.3    0.0 
      0 1997  225  23683   23.5   33.7  2.280    2.3    0.0 
      0 1997  226  25259   21.5   33.1  2.160    2.3   -0.0 
      0 1997  227  25311   21.2   33.0  2.168    1.3   -0.0 
      0 1997  228  15073   24.3   32.5  2.247    2.1    0.2 
      0 1997  229  18989   22.4   32.7  2.194    1.2   -0.0 
      0 1997  230  23715   22.5   34.9  2.050    1.7   -0.0 
      0 1997  231  24090   23.9   33.3  1.868    6.0    0.1 
      0 1997  232  23861   22.2   31.6  2.017    5.4    0.5 
      0 1997  233  24438   19.9   32.9  2.170    2.1   -0.0 
      0 1997  234  23594   21.5   34.4  2.536    2.0   -0.0 
      0 1997  235  22655   23.6   35.7  2.582    1.7   -0.0 
      0 1997  236  23546   23.4   35.5  2.599    1.7    0.0 
      0 1997  237  22592   23.8   35.3  2.542    2.0    0.0 
      0 1997  238  24236   21.5   33.4  2.222    1.9   -0.0 
      0 1997  239  19676   22.8   32.7  2.453    1.6    0.2 
      0 1997  240  21964   24.4   35.1  2.654    1.8    0.0 
      0 1997  241  19281   25.2   34.2  2.832    2.2    1.7 
      0 1997  242  20358   25.4   35.6  2.951    2.2    1.1 
      0 1997  243  13899   24.9   32.6  3.007    1.2    0.1 
      0 1997  244  18623   26.0   34.4  2.421    3.8    0.1 
      0 1997  245  19346   21.8   27.9  1.558    4.3   -0.0 
      0 1997  246  19839   18.5   28.7  1.270    1.9   -0.0 
      0 1997  247  23483   16.5   32.4  1.479    2.9   -0.0 
      0 1997  248  23285   19.0   33.8  1.874    2.5   -0.0 
      0 1997  249  21188   21.8   33.5  2.204    2.3    0.0 
      0 1997  250  22180   21.6   33.0  2.184    1.9   -0.0 
      0 1997  251  22686   21.7   34.8  2.106    2.2   -0.0 
      0 1997  252  23242   21.3   36.3  1.999    2.0    0.0 
      0 1997  253  15931   19.1   24.7  1.723    6.4    0.0 
      0 1997  254   4270   16.8   20.1  1.559    5.2    1.0 
      0 1997  255   1643   15.5   16.8  1.539    5.2   24.4 
      0 1997  256   1414   15.2   16.3  1.592    4.2   26.8 
      0 1997  257   6875   15.4   20.1  1.651    2.7    9.1 
      0 1997  258   9373   13.7   20.3  1.666    1.6    2.7 
      0 1997  259  20079   13.0   25.8  1.651    1.9   -0.0 
      0 1997  260   9399   14.0   19.7  1.272    4.5    4.5 
      0 1997  261  22033    9.4   23.8  1.294    2.1    0.1 
      0 1997  262  17058   10.6   24.0  1.315    2.7   -0.0 
      0 1997  263  21272   11.8   21.2  0.925    3.2   -0.0 
      0 1997  264  20941    8.9   23.7  1.001    1.8   -0.0 
      0 1997  265  20874   10.1   24.3  1.143    1.6   -0.0 
      0 1997  266  15043   12.4   23.0  1.246    1.3    0.0 
      0 1997  267  16942   15.1   23.1  1.478    2.5    0.0 
      0 1997  268  20992   12.9   24.7  0.981    4.1   -0.0 
      0 1997  269  19359   10.8   23.1  0.895    1.9   -0.0 
      0 1997  270  20145    9.9   24.0  1.083    2.4   -0.0 
      0 1997  271  20453    9.7   26.2  1.116    2.1   -0.0 
      0 1997  272  19835   10.7   27.3  1.115    1.9   -0.0 
      0 1997  273  16640   14.9   27.2  1.497    1.2   -0.0 
      0 1997  274  17921   15.9   27.9  1.559    1.4   -0.0 
      0 1997  275  17629   14.5   27.5  1.626    1.5    0.0 
      0 1997  276   4637   12.2   21.4  1.504    3.5    4.9 
      0 1997  277  16789   11.3   19.3  0.977    2.0   -0.0 
      0 1997  278  18710    9.8   22.4  1.013    1.7   -0.0 
      0 1997  279  18716   10.5   28.0  1.017    2.7   -0.0 
      0 1997  280  19137    9.8   25.1  0.855    2.7   -0.0 
      0 1997  281  17414   11.8   23.6  0.946    3.1   -0.0 
      0 1997  282  18244   12.9   27.1  1.113    3.3   -0.0 
      0 1997  283  18601   12.0   29.5  1.095    1.8   -0.0 
      0 1997  284  15101   11.1   27.2  1.075    1.5   -0.0 
      0 1997  285  17407   12.4   25.1  1.248    2.2   -0.0 
      0 1997  286  17456   12.1   30.2  1.091    2.5   -0.0 
      0 1997  287  15096   15.1   26.8  0.942    2.7   -0.0 
      0 1997  288  16902   12.8   27.2  1.109    2.0   -0.0 
      0 1997  289  16640   13.0   27.6  1.184    1.5   -0.0 
      0 1997  290  17209   10.7   28.3  0.922    2.0   -0.0 
      0 1997  291  16628    9.0   27.3  0.892    2.0   -0.0 
      0 1997  292  16202   14.2   29.7  0.849    2.8   -0.0 
      0 1997  293  16617   12.9   29.5  0.843    3.2   -0.0 
      0 1997  294  16237   11.9   26.9  0.977    2.8   -0.0 
      0 1997  295  15918   10.7   27.0  1.123    2.1   -0.0 
      0 1997  296  13376   12.8   20.2  0.791    5.0   -0.0 
      0 1997  297  14737   10.4   15.7  0.553    3.4    0.9 
      0 1997  298   6713    9.9   14.5  0.524    1.3    0.0 
      0 1997  299  15203    2.3   17.3  0.486    1.9   -0.0 
      0 1997  300  15888    3.0   17.0  0.472    1.5   -0.0 
      0 1997  301  14816    4.7   19.5  0.520    2.1   -0.0 
      0 1997  302  15504    2.6   19.4  0.496    1.8   -0.0 
      0 1997  303  15084    5.1   18.6  0.524    2.1   -0.0 
      0 1997  304  14770    4.2   16.1  0.557    2.1   -0.0 
      0 1997  305  14698    4.7   18.0  0.650    2.2   -0.0 
      0 1997  306  14050    7.2   19.2  0.711    1.9   -0.0 
      0 1997  307  14321    7.4   23.5  0.733    2.1   -0.0 
      0 1997  308  14293    7.8   16.6  0.626    2.5   -0.0 
      0 1997  309  14346    4.0   19.9  0.686    2.6   -0.0 
      0 1997  310  10082    6.4   18.0  0.726    2.3   -0.0 
      0 1997  311  13178    5.7   18.7  0.790    1.9   -0.0 
      0 1997  312   7168    8.9   16.0  0.892    3.5    2.6 
      0 1997  313   7067    9.6   16.2  0.976    2.6    0.0 
      0 1997  314   4986    9.8   15.6  1.070    3.5    5.7 
      0 1997  315   1897   11.3   13.5  1.195    3.6   11.7 
      0 1997  316   1317    8.0   13.1  1.086    2.9    2.8 
      0 1997  317   3693    5.5    9.1  0.905    1.2    1.9 
      0 1997  318  12670    2.5   16.2  0.860    1.4    0.0 
      0 1997  319  11397    3.2   15.1  0.927    1.4    0.0 
      0 1997  320  10226   -2.2   10.2  0.612    2.0    4.8 
      0 1997  321  13000   -4.5   11.0  0.383    2.4   -0.0 
      0 1997  322  10992   -1.9    9.7  0.453    1.5   -0.0 
      0 1997  323  11463    1.0   12.7  0.608    2.4   -0.0 
      0 1997  324   6895    0.6   11.2  0.702    1.3    0.2 
      0 1997  325  10997    3.5   14.1  0.752    1.4   -0.0 
      0 1997  326  11439    1.7   15.4  0.783    1.9   -0.0 
      0 1997  327  11602    3.5   16.6  0.910    1.4   -0.0 
      0 1997  328   5423    4.8   13.6  0.939    2.1    1.6 
      0 1997  329   4322    8.1   13.3  0.993    1.6    0.4 
      0 1997  330   5840    5.3    9.3  0.773    1.6    0.4 
      0 1997  331   3603    2.8    6.3  0.688    2.8    4.5 
      0 1997  332   5533    1.4    6.5  0.687    1.6    3.6 
      0 1997  333  10890   -1.3   10.5  0.698    1.0   -0.0 
      0 1997  334   8432   -0.2    9.7  0.725    2.0    1.1 
      0 1997  335   9514   -3.5    5.5  0.468    3.6    0.9 
      0 1997  336  11550   -6.2    4.6  0.290    1.6   -0.0 
      0 1997  337  10106   -2.4    5.9  0.415    1.9   -0.0 
      0 1997  338   9966   -1.8    7.6  0.508    1.7   -0.0 
      0 1997  339   2167    0.4    5.6  0.668    2.1    1.1 
      0 1997  340   8453    1.4    9.4  0.714    1.2    0.9 
      0 1997  341   4508   -0.8    7.0  0.683    1.2    3.3 
      0 1997  342  11173   -6.2    6.6  0.337    1.8   -0.0 
      0 1997  343  11026   -5.3    2.8  0.276    2.5   -0.0 
      0 1997  344  11356   -6.4    6.8  0.235    3.0   -0.0 
      0 1997  345  10630   -5.4    3.8  0.256    2.0   -0.0 
      0 1997  346   9072   -4.3    7.6  0.338    1.6   -0.0 
      0 1997  347  10724   -3.7   10.3  0.393    2.4   -0.0 
      0 1997  348  10903   -4.3   10.1  0.451    1.3   -0.0 
      0 1997  349   7776    0.2    9.4  0.495    0.8    0.0 
      0 1997  350   2793    2.2    6.6  0.642    1.1    2.2 
      0 1997  351  10472   -1.7   14.1  0.577    2.7   -0.0 
      0 1997  352  10724   -1.2   16.1  0.588    2.8   -0.0 
      0 1997  353  10657    0.3   14.9  0.513    3.3   -0.0 
      0 1997  354   8497    2.1    7.7  0.346    4.3    0.0 
      0 1997  355   4300    1.3    4.4  0.370    3.7    0.0 
      0 1997  356   9935   -1.0    6.1  0.437    1.0    0.0 
      0 1997  357   9475   -2.7    6.8  0.480    1.1   -0.0 
      0 1997  358   9745   -1.1    8.3  0.533    0.9   -0.0 
      0 1997  359   7031    0.3    9.2  0.606    1.4    0.0 
      0 1997  360  10551   -1.1   12.0  0.612    2.0   -0.0 
      0 1997  361   9434    0.0    9.2  0.579    1.9   -0.0 
      0 1997  362   5404    0.3    7.5  0.507    2.7    1.3 
      0 1997  363   6876    2.2    9.5  0.670    2.4    2.1 
      0 1997  364  10128   -2.5   10.4  0.599    1.6   -0.0 
      0 1997  365   5713   -0.7   11.8  0.581    1.7   -0.0 
