*---------------------------------------------------------------------------*
*Station name: 35.135916 113.763737
* Column  Daily value
* 1       station number
* 2       year
* 3       day
* 4       irradiation                   (kJ m-2 d-1)
* 5       minimum temperature           (degrees Celsius)
* 6       maximum temperature           (degrees Celsius)
* 7       early morning vapour pressure (kPa)
* 8       mean wind speed (height: 2 m) (m s-1)
* 9       precipitation                 (mm d-1)
*
* era5
* Created by era2cabo, by Alex 
* File created: 2019-05-09 00:28:47.538988
** WCCFORMAT=2
*---------------------------------------------------------------------------*
113.763737  35.135916  50.000000  -0.180000  -0.550000 
      0 2013    1  11265   -4.3    8.3  0.235    2.5   -0.0 
      0 2013    2  11108   -5.9   -0.9  0.159    3.5   -0.0 
      0 2013    3  10359   -7.8   -1.7  0.147    1.4   -0.0 
      0 2013    4  10105   -7.3   -0.0  0.159    1.9   -0.0 
      0 2013    5  10858   -9.4    3.0  0.214    1.1   -0.0 
      0 2013    6  10822   -7.1    4.1  0.262    1.2   -0.0 
      0 2013    7  10142   -3.7    5.5  0.287    1.7   -0.0 
      0 2013    8  10799   -5.3    5.7  0.303    1.7   -0.0 
      0 2013    9  11845   -4.9    3.1  0.321    1.5   -0.0 
      0 2013   10  11727   -5.3    5.9  0.337    1.8   -0.0 
      0 2013   11  12164   -4.9   12.0  0.298    2.7   -0.0 
      0 2013   12  12430   -6.3    9.2  0.275    1.5   -0.0 
      0 2013   13  12053   -3.5    6.7  0.344    2.0   -0.0 
      0 2013   14  12434   -4.1    8.3  0.375    1.8   -0.0 
      0 2013   15  11709   -4.1    8.2  0.431    1.4   -0.0 
      0 2013   16   8739   -5.7    2.8  0.432    1.8    0.0 
      0 2013   17  12146   -5.7    3.8  0.373    1.8    0.0 
      0 2013   18  12633   -6.8    7.0  0.347    2.8   -0.0 
      0 2013   19  10250   -4.5    6.8  0.429    3.1    0.8 
      0 2013   20   5129   -1.6    3.2  0.522    3.2    2.7 
      0 2013   21   8829   -4.4    5.0  0.488    1.1    0.1 
      0 2013   22   8541   -4.4    3.6  0.486    1.4    0.0 
      0 2013   23  13236   -3.9   12.2  0.508    2.7   -0.0 
      0 2013   24  13609   -2.8   11.0  0.352    2.4   -0.0 
      0 2013   25  13706   -4.3   13.6  0.352    2.5   -0.0 
      0 2013   26  13416   -2.9    6.7  0.394    2.1   -0.0 
      0 2013   27  13696   -4.0    9.8  0.465    1.8   -0.0 
      0 2013   28  12266   -2.8   12.6  0.527    2.1   -0.0 
      0 2013   29  13636   -1.6    9.7  0.555    1.9   -0.0 
      0 2013   30  10215   -1.4   10.4  0.579    1.2   -0.0 
      0 2013   31   2770    1.2    5.5  0.602    2.0    0.4 
      0 2013   32  12889   -2.1    9.2  0.553    2.0    0.0 
      0 2013   33  13853   -3.2    8.0  0.473    2.0    0.4 
      0 2013   34   1694   -0.9    3.8  0.638    2.0    8.2 
      0 2013   35   9041   -2.2    4.5  0.499    4.0    0.2 
      0 2013   36  12670   -1.3    8.2  0.532    2.3    2.0 
      0 2013   37  13147   -2.7    9.5  0.603    2.1    0.0 
      0 2013   38  12266   -4.6    3.4  0.221    5.3    0.1 
      0 2013   39  10773   -5.5    0.4  0.228    2.0    0.0 
      0 2013   40  15164   -4.1   10.3  0.436    2.7   -0.0 
      0 2013   41  13397   -2.4    5.4  0.440    4.5    0.0 
      0 2013   42   4854   -2.7    1.9  0.443    2.3    1.9 
      0 2013   43  16194   -4.4    9.3  0.376    2.4    0.0 
      0 2013   44  12608   -4.1   11.3  0.388    2.0   -0.0 
      0 2013   45  14939   -1.3   11.0  0.525    1.7    0.0 
      0 2013   46  16017   -3.7    7.6  0.487    2.0   -0.0 
      0 2013   47  15008   -2.3   11.2  0.566    1.5    0.0 
      0 2013   48  15653    0.9   12.9  0.638    2.6    0.1 
      0 2013   49   6984    1.8    6.3  0.398    3.5    0.4 
      0 2013   50  15294   -1.8    8.3  0.494    1.7   -0.0 
      0 2013   51  16657   -2.9   10.5  0.576    2.2   -0.0 
      0 2013   52  13278   -1.3   10.7  0.653    1.6   -0.0 
      0 2013   53  17336   -3.4   12.7  0.496    2.4   -0.0 
      0 2013   54  14873   -1.1   14.2  0.550    1.6   -0.0 
      0 2013   55  15996    2.2   14.4  0.684    2.0   -0.0 
      0 2013   56  14098    3.5   13.2  0.656    2.5    0.0 
      0 2013   57  17525    1.0   13.6  0.684    1.2    0.0 
      0 2013   58  14223    0.7   16.4  0.749    2.2   -0.0 
      0 2013   59  14316    5.5   18.4  0.907    3.4    0.7 
      0 2013   60  19037    2.0    9.2  0.209    4.0   -0.0 
      0 2013   61  18493   -0.8   10.2  0.276    2.6   -0.0 
      0 2013   62  19332   -1.2   19.5  0.339    3.2   -0.0 
      0 2013   63  19444    0.0   17.7  0.378    2.4   -0.0 
      0 2013   64  19187    3.0   20.5  0.551    1.6   -0.0 
      0 2013   65  12659    6.1   24.4  0.595    3.0   -0.0 
      0 2013   66  19546    3.7   24.5  0.502    3.3   -0.0 
      0 2013   67  19733    7.2   28.8  0.583    2.8   -0.0 
      0 2013   68  19272   10.6   31.7  0.640    4.9   -0.0 
      0 2013   69  17723    5.1   12.0  0.241    4.0    0.0 
      0 2013   70   9962    4.0   10.2  0.479    1.7    0.0 
      0 2013   71  13627    4.4   19.4  0.668    3.0    0.1 
      0 2013   72  17428    4.6   11.6  0.568    4.0   -0.0 
      0 2013   73  17457    1.0   11.7  0.493    2.4   -0.0 
      0 2013   74  20650    1.1   16.6  0.581    2.5   -0.0 
      0 2013   75  17350    5.4   19.1  0.770    1.8    0.5 
      0 2013   76  16304    7.9   22.7  0.993    3.0    0.2 
      0 2013   77  20948    8.1   27.0  0.703    3.8   -0.0 
      0 2013   78  14839    6.0   15.4  0.570    3.6   -0.0 
      0 2013   79  21711    1.5   10.7  0.443    4.2   -0.0 
      0 2013   80  21234    2.8   18.2  0.704    3.1   -0.0 
      0 2013   81  20512    6.8   15.6  0.620    4.7    0.0 
      0 2013   82  20791    4.0   21.4  0.704    3.7   -0.0 
      0 2013   83  19860    4.2   14.2  0.356    5.0    0.0 
      0 2013   84  11477    2.1   11.4  0.433    1.9    0.5 
      0 2013   85   9724    4.8   14.3  0.771    3.5    2.8 
      0 2013   86  22839    3.3   24.5  0.887    3.4   -0.0 
      0 2013   87  22039    9.3   17.1  0.619    6.0   -0.0 
      0 2013   88   8426    7.7   13.7  0.570    2.3    0.2 
      0 2013   89  11022    6.8   15.2  0.699    3.1    0.1 
      0 2013   90  21755    4.8   18.4  0.855    2.3   -0.0 
      0 2013   91  22684    9.1   23.1  0.872    2.7   -0.0 
      0 2013   92  21267    5.7   19.5  0.534    2.7   -0.0 
      0 2013   93  21670   10.2   22.9  0.842    3.0    0.1 
      0 2013   94  16705    8.6   21.5  0.823    2.7   -0.0 
      0 2013   95   7619    9.6   16.9  1.043    2.2    3.1 
      0 2013   96  24875    3.5   17.4  0.565    2.1   -0.0 
      0 2013   97  24364    4.1   22.1  0.636    2.9   -0.0 
      0 2013   98  14483    7.0   18.4  0.519    2.4   -0.0 
      0 2013   99  25822    1.7   17.3  0.195    2.8   -0.0 
      0 2013  100  25782    2.3   18.4  0.236    2.5   -0.0 
      0 2013  101  24328    5.0   22.8  0.388    2.6   -0.0 
      0 2013  102  24951    7.0   28.4  0.539    3.0   -0.0 
      0 2013  103  25430   12.4   32.1  0.508    4.3   -0.0 
      0 2013  104  24908   14.6   27.4  0.850    3.3   -0.0 
      0 2013  105  24409   14.0   34.5  0.854    2.6   -0.0 
      0 2013  106  22609   16.0   24.2  0.886    4.9   -0.0 
      0 2013  107  24458   11.1   23.3  0.973    3.0   -0.0 
      0 2013  108   9596   10.9   18.3  0.486    8.2    0.0 
      0 2013  109   2932    2.1   12.2  0.445    5.2   10.2 
      0 2013  110  21071    1.1   11.8  0.698    1.2    0.1 
      0 2013  111  25290    3.9   17.4  0.823    2.5   -0.0 
      0 2013  112   4372    6.7   10.9  0.988    1.1    3.3 
      0 2013  113  17636    5.5   22.4  1.131    3.0   -0.0 
      0 2013  114  25155    7.6   26.0  0.928    2.9   -0.0 
      0 2013  115  26536    9.3   23.3  0.764    2.7   -0.0 
      0 2013  116  26103   10.4   28.0  1.229    2.2   -0.0 
      0 2013  117  25468   15.4   26.8  1.252    3.5   -0.0 
      0 2013  118  24994   14.9   29.2  1.448    2.8    0.0 
      0 2013  119  13459   15.1   23.5  0.991    3.5    0.0 
      0 2013  120  26912    9.1   29.7  0.992    1.7   -0.0 
      0 2013  121  22559   13.9   26.7  1.048    2.4   -0.0 
      0 2013  122  24953   13.0   28.6  1.115    2.0   -0.0 
      0 2013  123  25963   14.1   26.1  1.165    3.9   -0.0 
      0 2013  124  25181   12.7   26.1  1.289    2.1   -0.0 
      0 2013  125  23156   13.7   27.9  1.378    1.6   -0.0 
      0 2013  126  11515   17.4   25.6  1.631    1.4    1.6 
      0 2013  127  12561   16.6   24.0  1.634    2.3    3.1 
      0 2013  128   2571   15.4   19.3  1.757    2.5    0.9 
      0 2013  129  17497   13.6   26.0  1.752    1.5    0.0 
      0 2013  130  28076   11.9   29.8  0.901    2.9   -0.0 
      0 2013  131  28181   13.3   33.7  0.798    3.5   -0.0 
      0 2013  132  27846   16.0   36.9  0.973    3.6   -0.0 
      0 2013  133  26827   19.5   36.2  1.538    1.9   -0.0 
      0 2013  134  23815   20.0   30.6  1.579    4.5   -0.0 
      0 2013  135  23996   21.9   30.2  1.059    5.4    0.1 
      0 2013  136  25720   17.6   27.7  1.149    3.5   -0.0 
      0 2013  137  18752   14.6   28.0  1.385    1.1    0.5 
      0 2013  138  21166   17.5   27.1  1.798    1.1    3.1 
      0 2013  139  26782   16.9   35.1  1.558    3.6   -0.0 
      0 2013  140  28574   17.6   30.6  0.838    2.8   -0.0 
      0 2013  141  27441   19.0   36.4  1.598    3.0   -0.0 
      0 2013  142  23817   22.8   32.3  1.902    4.2    0.0 
      0 2013  143  21112   21.7   31.8  1.838    2.8    0.0 
      0 2013  144  15897   20.7   30.9  2.012    1.3    0.3 
      0 2013  145   9162   21.0   26.6  2.201    2.8   19.0 
      0 2013  146   3797   19.9   21.7  2.145    5.4   45.7 
      0 2013  147  25371   16.8   26.9  1.895    3.1    0.0 
      0 2013  148  12471   17.5   24.7  2.068    1.6    5.7 
      0 2013  149  10976   16.0   24.0  1.803    2.8    0.3 
      0 2013  150  23166   13.9   28.1  1.592    2.3   -0.0 
      0 2013  151  12223   18.3   25.4  1.712    2.6   -0.0 
      0 2013  152  26072   16.9   29.4  1.938    2.3   -0.0 
      0 2013  153  27606   17.7   31.0  2.033    2.5   -0.0 
      0 2013  154  25666   20.9   33.6  2.040    1.8   -0.0 
      0 2013  155  27979   20.2   34.4  2.025    2.3   -0.0 
      0 2013  156  23973   20.3   32.6  1.905    2.1   -0.0 
      0 2013  157  24629   21.9   32.5  2.109    2.1    0.4 
      0 2013  158  22273   22.2   31.6  2.540    1.9    2.8 
      0 2013  159  17452   22.0   29.9  2.129    1.6    0.1 
      0 2013  160  10233   17.3   27.7  1.921    2.7   16.9 
      0 2013  161  11364   17.0   24.1  1.596    2.1    5.2 
      0 2013  162  26763   13.0   27.3  1.569    1.3    2.0 
      0 2013  163  28593   14.0   30.9  1.366    2.1   -0.0 
      0 2013  164  28461   17.5   31.0  1.361    2.3   -0.0 
      0 2013  165  27901   18.1   31.2  1.500    1.5   -0.0 
      0 2013  166  27267   21.1   34.7  1.865    2.1   -0.0 
      0 2013  167  25542   23.2   37.5  2.206    1.9   -0.0 
      0 2013  168  24513   24.7   36.1  2.403    3.3   -0.0 
      0 2013  169  21336   23.9   34.1  2.180    3.0    0.0 
      0 2013  170  14685   24.7   31.5  1.872    3.3    0.6 
      0 2013  171  20106   24.5   34.7  1.832    3.5    0.3 
      0 2013  172  22530   23.3   31.6  1.985    4.8    0.1 
      0 2013  173  14960   21.8   31.0  2.136    1.5    0.2 
      0 2013  174  18865   21.4   31.4  2.235    1.9    0.6 
      0 2013  175  14892   22.8   32.4  2.361    2.2   -0.0 
      0 2013  176  27754   22.8   34.9  2.028    3.1   -0.0 
      0 2013  177  16575   23.3   34.8  2.337    2.8   -0.0 
      0 2013  178  25355   22.7   37.8  2.225    1.9    0.3 
      0 2013  179  27903   22.9   37.2  2.161    2.6   -0.0 
      0 2013  180  23103   24.0   34.4  2.459    2.6    0.2 
      0 2013  181  13711   26.0   32.6  2.770    1.8    2.8 
      0 2013  182  10829   24.9   34.6  3.154    2.6    8.4 
      0 2013  183  10485   26.7   32.6  3.279    2.1   44.6 
      0 2013  184  19213   25.2   33.9  3.294    1.5    4.8 
      0 2013  185   4076   23.0   28.8  3.012    1.5   10.2 
      0 2013  186  25765   21.5   32.8  2.826    1.4   -0.0 
      0 2013  187  25478   23.2   33.3  2.827    1.6    0.0 
      0 2013  188  25352   23.9   33.8  2.882    1.5    0.0 
      0 2013  189  21459   24.6   34.3  3.155    1.5    3.7 
      0 2013  190  17454   25.1   34.3  3.084    2.6    6.3 
      0 2013  191  12329   23.8   28.3  2.659    3.9    1.6 
      0 2013  192   9205   23.5   27.8  2.549    3.2    1.1 
      0 2013  193  16601   22.3   30.4  2.607    2.4    3.6 
      0 2013  194   8009   23.1   26.1  2.612    2.9    4.7 
      0 2013  195  13710   23.1   29.3  2.651    4.4    0.9 
      0 2013  196  12132   24.4   30.9  2.836    2.0    5.0 
      0 2013  197  24621   22.9   33.6  2.748    1.7    4.8 
      0 2013  198  23224   25.1   32.3  2.565    2.7    0.4 
      0 2013  199   3476   21.5   26.7  2.642    2.8   38.1 
      0 2013  200  10295   21.1   27.8  2.519    1.2    7.5 
      0 2013  201  18395   22.9   30.4  2.865    1.2    1.7 
      0 2013  202  22140   22.9   31.2  2.719    2.6    0.1 
      0 2013  203  13003   24.0   29.6  2.572    3.0    7.1 
      0 2013  204  20365   20.5   27.8  2.480    2.4   16.0 
      0 2013  205  21914   21.1   32.6  3.038    1.3    0.0 
      0 2013  206  15237   25.7   32.8  3.371    1.8    0.2 
      0 2013  207  20039   25.9   34.1  3.400    2.0    0.3 
      0 2013  208  18677   26.9   34.6  3.387    2.1    0.0 
      0 2013  209  19585   26.0   33.7  3.345    1.4    0.1 
      0 2013  210  19840   25.8   33.9  3.185    2.0    5.0 
      0 2013  211  26008   22.9   34.6  2.755    1.5    0.1 
      0 2013  212  26214   22.9   34.9  2.941    1.1   -0.0 
      0 2013  213  17449   25.4   33.4  2.987    1.5    5.0 
      0 2013  214  14646   24.5   31.7  2.908    1.8    5.7 
      0 2013  215  22884   25.1   33.7  3.003    1.9    0.1 
      0 2013  216  22698   25.1   35.2  3.213    2.7    0.1 
      0 2013  217  24518   25.9   35.9  3.168    1.7   -0.0 
      0 2013  218  23725   26.0   36.9  3.297    1.5    0.1 
      0 2013  219  21132   27.7   36.6  3.213    2.0    0.0 
      0 2013  220  23029   26.1   35.3  2.751    2.9    0.6 
      0 2013  221  23473   25.1   35.4  2.623    2.6    0.4 
      0 2013  222  23064   24.8   36.8  3.113    1.6    0.0 
      0 2013  223  22127   27.4   37.8  3.104    1.9    2.4 
      0 2013  224  22088   25.9   37.3  2.863    1.3    0.2 
      0 2013  225  21271   26.6   36.6  2.881    1.6    0.1 
      0 2013  226  22443   26.4   37.5  2.819    1.7    0.2 
      0 2013  227  23331   26.9   38.7  3.004    2.0   -0.0 
      0 2013  228  23195   27.9   39.5  2.782    2.7   -0.0 
      0 2013  229  20992   28.0   39.3  2.662    2.6   -0.0 
      0 2013  230  24105   27.3   36.2  1.838    4.3   -0.0 
      0 2013  231  24714   24.0   34.1  1.783    3.8   -0.0 
      0 2013  232  23221   23.7   34.4  1.866    2.2   -0.0 
      0 2013  233  23560   23.4   35.6  1.992    1.8   -0.0 
      0 2013  234  23431   25.0   35.7  2.164    3.6   -0.0 
      0 2013  235  18444   27.3   34.8  2.175    5.9    0.0 
      0 2013  236  20515   26.9   35.0  1.736    4.9   -0.0 
      0 2013  237  18978   25.4   34.1  1.997    2.6    0.0 
      0 2013  238  22010   23.6   34.9  2.318    1.9   -0.0 
      0 2013  239  10560   25.7   31.4  2.669    2.1    1.2 
      0 2013  240  15405   26.3   36.6  2.775    2.6    1.0 
      0 2013  241  23145   23.8   38.0  1.575    2.8   -0.0 
      0 2013  242  19974   21.8   29.1  1.380    4.0   -0.0 
      0 2013  243  22013   17.5   30.5  1.350    1.5   -0.0 
      0 2013  244  22210   18.4   31.1  1.359    1.8   -0.0 
      0 2013  245  11632   21.3   30.3  1.412    1.3   -0.0 
      0 2013  246  22639   18.1   31.6  1.376    1.3   -0.0 
      0 2013  247  14929   21.7   30.3  1.579    1.4   -0.0 
      0 2013  248  13811   20.2   29.0  1.550    1.5   -0.0 
      0 2013  249  19282   19.3   31.7  1.622    2.2   -0.0 
      0 2013  250  18447   18.4   31.1  1.693    1.8   -0.0 
      0 2013  251   3245   19.5   24.4  1.811    0.7    2.3 
      0 2013  252  16205   16.4   27.2  1.804    0.8    0.0 
      0 2013  253  19626   17.6   30.2  1.897    1.2   -0.0 
      0 2013  254  17455   19.3   30.1  2.038    1.3    0.0 
      0 2013  255  13959   20.3   28.9  2.115    1.9    0.1 
      0 2013  256  21338   19.1   33.9  2.163    2.8   -0.0 
      0 2013  257  21302   19.4   36.9  2.029    2.1   -0.0 
      0 2013  258  18153   24.5   32.4  2.136    3.9    0.1 
      0 2013  259  17113   22.7   33.0  2.157    2.5    0.6 
      0 2013  260  18803   22.5   34.9  2.222    2.5    0.4 
      0 2013  261  20891   20.7   30.6  1.708    3.3   -0.0 
      0 2013  262  15892   21.5   31.6  1.889    1.3   -0.0 
      0 2013  263   9396   22.3   29.8  2.045    2.5    0.1 
      0 2013  264  10233   20.2   26.2  1.935    4.2    0.2 
      0 2013  265  10118   19.7   27.8  1.987    3.0    2.4 
      0 2013  266   8764   16.2   26.8  1.883    4.1    2.1 
      0 2013  267  11749   15.0   21.9  0.918    4.0   -0.0 
      0 2013  268  16445   12.4   23.7  0.949    1.6   -0.0 
      0 2013  269  18243   10.9   26.8  0.917    1.8   -0.0 
      0 2013  270   8700   16.1   24.3  1.133    2.7   -0.0 
      0 2013  271  19718   12.9   28.6  1.346    2.4   -0.0 
      0 2013  272  18727   15.7   28.1  1.618    2.2   -0.0 
      0 2013  273  17051   16.1   27.4  1.567    1.4   -0.0 
      0 2013  274  15395   18.7   29.6  1.663    2.7    0.0 
      0 2013  275  17013   15.3   26.7  1.240    2.1   -0.0 
      0 2013  276  17314   15.0   28.8  0.991    2.0   -0.0 
      0 2013  277  18786   15.9   29.1  1.035    2.1   -0.0 
      0 2013  278  18809   13.5   28.3  1.138    1.9   -0.0 
      0 2013  279  18845   13.3   27.8  1.053    1.4   -0.0 
      0 2013  280  18394   12.6   29.6  0.997    1.6   -0.0 
      0 2013  281  16920   16.8   27.6  1.419    2.3   -0.0 
      0 2013  282  18076   15.8   30.0  1.370    2.2   -0.0 
      0 2013  283  17937   15.9   33.5  0.913    3.0   -0.0 
      0 2013  284  18010   13.0   30.5  0.799    1.7   -0.0 
      0 2013  285  17402   15.9   32.7  1.050    2.3   -0.0 
      0 2013  286  17226   17.0   28.3  1.332    3.4   -0.0 
      0 2013  287   5786   13.2   20.0  1.322    5.3    1.8 
      0 2013  288  16429   10.0   17.9  0.910    3.3    0.0 
      0 2013  289  11849    8.8   18.1  0.823    1.5   -0.0 
      0 2013  290  16778    8.0   21.5  0.862    1.8   -0.0 
      0 2013  291  12331    9.2   20.5  0.880    1.5   -0.0 
      0 2013  292  15939    9.4   24.0  0.951    2.5   -0.0 
      0 2013  293  13350    8.6   20.1  0.792    1.2   -0.0 
      0 2013  294  15353    9.9   21.8  0.827    1.3   -0.0 
      0 2013  295  15877    9.1   22.9  0.900    2.0   -0.0 
      0 2013  296  15741    9.7   22.4  0.932    2.3   -0.0 
      0 2013  297  15737    9.4   18.1  0.636    3.4   -0.0 
      0 2013  298  15615    6.5   18.1  0.542    1.6   -0.0 
      0 2013  299  15375    5.4   18.9  0.614    1.7   -0.0 
      0 2013  300  14013    7.7   21.8  0.724    2.1   -0.0 
      0 2013  301  14208    9.5   24.2  0.989    1.2   -0.0 
      0 2013  302  13436   12.1   19.8  1.054    4.8   -0.0 
      0 2013  303   4458   12.0   16.4  0.932    3.2    1.1 
      0 2013  304   2789   10.5   13.7  1.085    2.5    5.1 
      0 2013  305   1696   10.1   12.8  1.227    1.4    3.8 
      0 2013  306  13479    7.2   19.7  1.208    1.4   -0.0 
      0 2013  307  14176    6.7   21.4  0.959    1.8   -0.0 
      0 2013  308  13515    6.6   18.3  0.730    1.1   -0.0 
      0 2013  309   8399    8.7   18.7  0.896    2.7   -0.0 
      0 2013  310  13828    5.5   23.1  0.822    2.8   -0.0 
      0 2013  311  13681    4.0   17.8  0.518    1.4    0.0 
      0 2013  312   6477   10.2   16.9  0.916    1.2    0.8 
      0 2013  313   1779   10.8   14.2  1.118    1.4    3.5 
      0 2013  314  10794    6.3   13.5  0.675    2.3   -0.0 
      0 2013  315  12905    5.2   13.7  0.615    2.1   -0.0 
      0 2013  316  11888    3.3   15.1  0.633    1.2   -0.0 
      0 2013  317   8983    3.7   14.9  0.755    2.0   -0.0 
      0 2013  318  13044    3.5   17.8  0.523    2.7   -0.0 
      0 2013  319  12804    1.7   18.8  0.496    2.8   -0.0 
      0 2013  320  12731    2.8   17.1  0.454    2.9   -0.0 
      0 2013  321  12643    0.1   15.7  0.430    1.6   -0.0 
      0 2013  322  12500    0.1   14.8  0.416    1.8   -0.0 
      0 2013  323  12286   -0.2   12.6  0.456    1.8   -0.0 
      0 2013  324  12062    0.7   13.0  0.466    1.6   -0.0 
      0 2013  325  11750    2.0   13.6  0.481    2.3   -0.0 
      0 2013  326  11589    0.3   13.9  0.585    1.6    0.0 
      0 2013  327   2887    7.6   12.2  0.936    2.0    6.1 
      0 2013  328  10557    5.3   14.1  0.690    3.1    5.4 
      0 2013  329  11830    0.4   12.8  0.429    2.4   -0.0 
      0 2013  330  11685   -0.5   15.0  0.473    2.7   -0.0 
      0 2013  331  11949   -1.7    9.0  0.288    2.7   -0.0 
      0 2013  332  11957   -2.5    8.7  0.209    2.4   -0.0 
      0 2013  333  11568   -3.1   13.0  0.336    2.6   -0.0 
      0 2013  334  11524   -1.5   14.5  0.360    2.0   -0.0 
      0 2013  335  11409   -0.9   13.4  0.372    1.9   -0.0 
      0 2013  336  10487   -1.0   15.7  0.446    1.4   -0.0 
      0 2013  337  10715    2.3   14.9  0.522    1.4   -0.0 
      0 2013  338  11169    0.7   15.5  0.468    2.7   -0.0 
      0 2013  339  10567    2.5   13.7  0.473    2.7   -0.0 
      0 2013  340  11074    0.1   13.9  0.512    2.4   -0.0 
      0 2013  341  10757    0.3   13.2  0.536    1.0   -0.0 
      0 2013  342   4631   -0.1    9.4  0.649    1.1    0.9 
      0 2013  343  10924   -1.4    9.5  0.535    1.2    0.1 
      0 2013  344   9972   -3.9   11.9  0.351    1.9   -0.0 
      0 2013  345  11066   -4.6   10.3  0.260    2.4   -0.0 
      0 2013  346  10907   -3.6   11.9  0.270    2.0   -0.0 
      0 2013  347  10899   -2.7    7.9  0.321    1.5   -0.0 
      0 2013  348  10664   -3.0   11.1  0.365    1.9   -0.0 
      0 2013  349   9124   -1.0    9.4  0.459    1.3   -0.0 
      0 2013  350   8586   -1.8    8.6  0.509    1.2   -0.0 
      0 2013  351   5505   -1.7    6.2  0.470    3.1    0.0 
      0 2013  352   8375   -3.0    3.9  0.412    2.6    0.0 
      0 2013  353  10564   -4.3    6.5  0.408    1.9   -0.0 
      0 2013  354   9649   -4.4    5.3  0.393    1.6   -0.0 
      0 2013  355   9884   -5.6    3.5  0.333    1.7   -0.0 
      0 2013  356  10440   -4.6    5.1  0.347    1.2   -0.0 
      0 2013  357  10542   -4.3    6.3  0.371    0.9   -0.0 
      0 2013  358   9821   -6.1    5.5  0.385    1.4   -0.0 
      0 2013  359  10504   -4.4   11.0  0.418    2.0   -0.0 
      0 2013  360  10220   -4.7    3.6  0.240    1.8   -0.0 
      0 2013  361  11043   -6.6    5.4  0.176    2.6   -0.0 
      0 2013  362  11213   -5.7    6.6  0.198    1.8   -0.0 
      0 2013  363  11368   -7.0    9.3  0.166    3.0   -0.0 
      0 2013  364  11379   -2.0   11.4  0.170    4.0   -0.0 
      0 2013  365  11199   -1.4   13.7  0.200    3.7   -0.0 
