*---------------------------------------------------------------------------*
*Station name: 35.135916 113.763737
* Column  Daily value
* 1       station number
* 2       year
* 3       day
* 4       irradiation                   (kJ m-2 d-1)
* 5       minimum temperature           (degrees Celsius)
* 6       maximum temperature           (degrees Celsius)
* 7       early morning vapour pressure (kPa)
* 8       mean wind speed (height: 2 m) (m s-1)
* 9       precipitation                 (mm d-1)
*
* era5
* Created by era2cabo, by Alex 
* File created: 2019-05-10 22:11:09.582622
** WCCFORMAT=2
*---------------------------------------------------------------------------*
113.763737  35.135916  50.000000  -0.180000  -0.550000 
      0 1999    1  10671   -2.1   13.1  0.455    2.0    0.0 
      0 1999    2   9843   -2.4   12.7  0.400    2.2    0.0 
      0 1999    3  11350   -2.7   11.6  0.409    1.9    0.0 
      0 1999    4  11337   -1.9   10.2  0.427    2.0    0.0 
      0 1999    5   9855    0.3   10.4  0.489    2.5    0.0 
      0 1999    6  10423   -2.9    9.2  0.482    1.6    0.0 
      0 1999    7  11400   -3.9    4.8  0.301    2.2    0.0 
      0 1999    8  11148   -5.4    4.6  0.248    2.1    0.0 
      0 1999    9   9794   -4.9    2.4  0.194    1.8    0.0 
      0 1999   10   9970   -5.4    7.2  0.264    2.0    0.0 
      0 1999   11  10677   -5.4    3.3  0.221    2.4    0.0 
      0 1999   12  11929   -6.6    2.8  0.178    1.5    0.0 
      0 1999   13   8776   -6.4    4.8  0.269    1.7    0.8 
      0 1999   14  12617   -5.2    4.3  0.242    2.6    0.0 
      0 1999   15  12717   -6.7    6.8  0.195    2.7    0.0 
      0 1999   16  12183   -6.0    8.3  0.252    1.6    0.0 
      0 1999   17  12380   -1.9   10.3  0.305    2.2    0.0 
      0 1999   18   6946   -0.9    8.7  0.349    1.2    0.0 
      0 1999   19   6746   -1.9    4.8  0.374    2.4    0.1 
      0 1999   20  13416   -5.6    7.2  0.274    2.0    0.0 
      0 1999   21  12713   -3.6   11.3  0.328    3.1    0.0 
      0 1999   22  11477   -2.3   12.1  0.414    2.0    0.0 
      0 1999   23  12744    1.8   11.1  0.390    2.8    0.0 
      0 1999   24  10147   -0.7   14.8  0.472    2.7    0.0 
      0 1999   25  13630    0.0   15.6  0.335    3.1    0.0 
      0 1999   26  12750   -0.9   15.8  0.426    1.3    0.0 
      0 1999   27  13533   -1.5   13.7  0.371    2.7    0.0 
      0 1999   28  13583   -1.9   16.4  0.431    2.6    0.0 
      0 1999   29  11389    1.5    8.2  0.281    3.4    0.0 
      0 1999   30  13086   -0.4   10.8  0.367    2.0    0.0 
      0 1999   31  11861    0.9   12.1  0.515    1.3    0.0 
      0 1999   32  13226   -0.1   15.2  0.439    2.2    0.0 
      0 1999   33  14879   -0.5   10.0  0.184    3.7    0.0 
      0 1999   34  14908   -4.9    9.1  0.211    1.8    0.0 
      0 1999   35  14901   -3.2   12.1  0.247    1.6    0.0 
      0 1999   36  11474   -1.8   12.0  0.346    1.0    0.0 
      0 1999   37  14587    1.6   14.1  0.405    1.8    0.0 
      0 1999   38  15335   -3.0   14.5  0.352    1.6    0.0 
      0 1999   39  14339   -1.9   14.2  0.351    1.3    0.0 
      0 1999   40   9621    0.3   14.1  0.425    2.5    0.0 
      0 1999   41  11545    1.6   10.0  0.349    3.0    0.0 
      0 1999   42  16021   -2.9   15.7  0.296    2.1    0.0 
      0 1999   43  16211   -4.5   11.7  0.259    1.7    0.0 
      0 1999   44  16029    0.8   16.2  0.317    1.6    0.0 
      0 1999   45   9453    1.5   17.4  0.367    2.1    0.0 
      0 1999   46  16260   -1.6   12.1  0.449    1.8    0.0 
      0 1999   47  15730    0.2   19.0  0.532    2.8    0.0 
      0 1999   48  12553    4.5   17.8  0.399    2.9    0.0 
      0 1999   49  17552   -1.1    8.6  0.148    4.0    0.0 
      0 1999   50  17861   -5.8   10.6  0.132    2.9    0.0 
      0 1999   51  17645   -5.8    9.1  0.150    2.0    0.0 
      0 1999   52  17527   -3.8   12.3  0.222    1.8    0.0 
      0 1999   53  16986    0.9   14.9  0.322    1.5    0.0 
      0 1999   54  10359    5.5   13.9  0.487    1.5    0.0 
      0 1999   55  10046    2.2   15.8  0.573    2.5    0.0 
      0 1999   56  11263    6.0   14.0  0.420    2.7    0.2 
      0 1999   57  14780    2.9   18.3  0.529    2.2    0.2 
      0 1999   58  16872    4.0   11.0  0.298    3.6    0.0 
      0 1999   59  17873    3.2   17.9  0.364    3.5    0.0 
      0 1999   60  18583    3.4   21.9  0.410    2.1    0.0 
      0 1999   61  16842    5.2   21.9  0.519    2.6    0.0 
      0 1999   62  19039    3.0   22.4  0.549    2.1    0.0 
      0 1999   63  18061    7.5   23.6  0.950    2.7    0.0 
      0 1999   64  13991    6.7   15.1  0.450    3.8    0.0 
      0 1999   65   4439    6.5   10.3  0.674    1.3    0.4 
      0 1999   66  18763    2.3   10.4  0.368    3.1    0.0 
      0 1999   67  13636    2.6   12.4  0.588    1.9    0.1 
      0 1999   68  16420    2.8   14.4  0.723    2.5    0.0 
      0 1999   69  12166    3.5   12.1  0.665    2.9    0.0 
      0 1999   70  12224    0.6   12.1  0.648    2.0    0.0 
      0 1999   71  14337    3.3   14.0  0.760    1.6    0.0 
      0 1999   72   9508    6.1   14.2  0.861    1.6    0.0 
      0 1999   73   8716    6.7   15.3  0.876    2.3    0.1 
      0 1999   74  20420    3.7   18.2  0.895    3.4    0.0 
      0 1999   75   7110    6.9   14.2  1.036    2.5    1.2 
      0 1999   76   4928    8.5   12.7  0.961    3.7    6.8 
      0 1999   77   4454    6.2    8.9  0.727    6.7    6.9 
      0 1999   78   7713    1.3    7.8  0.486    4.5    6.3 
      0 1999   79  15057   -1.1   10.7  0.681    3.0    0.1 
      0 1999   80  19007    0.7    7.2  0.439    4.8    0.0 
      0 1999   81  17862   -1.2    9.0  0.464    2.3    0.0 
      0 1999   82  19994    0.1   12.2  0.622    2.8    0.0 
      0 1999   83  21142    3.0   15.9  0.821    1.8    0.1 
      0 1999   84  14086    8.1   16.8  1.024    1.8    0.3 
      0 1999   85  10391    7.7   16.5  1.107    1.0    2.5 
      0 1999   86  19695    2.8   17.7  0.734    1.5    0.0 
      0 1999   87  13969    7.8   15.7  0.758    1.5    0.8 
      0 1999   88  15804    5.8   13.3  0.756    3.3    0.0 
      0 1999   89  19164    4.3   15.1  0.819    3.4    0.0 
      0 1999   90   9953    7.8   15.3  0.986    2.3    0.2 
      0 1999   91  14893    8.1   18.3  1.095    1.5    0.1 
      0 1999   92  18141    8.0   16.1  0.957    2.2    0.1 
      0 1999   93  18503    7.3   20.9  0.934    3.1    0.0 
      0 1999   94  22277    5.0   24.3  0.642    3.1    0.0 
      0 1999   95  24819    8.0   23.9  0.424    4.0    0.0 
      0 1999   96  24239    4.4   20.9  0.492    1.8    0.0 
      0 1999   97  21901    7.6   23.7  0.934    2.3    0.0 
      0 1999   98   2579   12.3   18.4  1.321    4.4   34.6 
      0 1999   99  21501   10.7   21.7  1.434    1.3    0.0 
      0 1999  100  23615   10.9   24.2  1.469    2.1    0.0 
      0 1999  101   7078   13.5   17.4  1.506    1.3   11.6 
      0 1999  102  22550    8.5   21.4  0.910    2.4    0.0 
      0 1999  103  23344    5.0   19.4  0.873    2.1    0.0 
      0 1999  104  23948    8.1   22.6  1.101    3.1    0.0 
      0 1999  105  22808   10.2   25.2  1.177    2.5    0.0 
      0 1999  106  14281   11.7   21.9  1.388    1.5    0.0 
      0 1999  107  20614   13.8   24.7  1.553    2.1    0.0 
      0 1999  108  23299   13.7   26.0  1.604    2.8    0.0 
      0 1999  109  22815   14.1   26.8  1.778    2.7    0.7 
      0 1999  110  11605   12.7   19.4  1.230    2.3    0.1 
      0 1999  111  22899   12.5   24.9  1.607    1.1    0.0 
      0 1999  112  21862   14.4   28.4  1.762    2.2    0.9 
      0 1999  113  10371   18.2   22.1  1.798    5.6   13.0 
      0 1999  114   6930   15.8   20.5  1.427    5.2    0.0 
      0 1999  115  23645   15.6   24.3  1.504    2.7    0.0 
      0 1999  116   6122   11.6   20.0  1.374    2.5    7.2 
      0 1999  117  15700   11.4   17.8  1.194    1.4    0.7 
      0 1999  118  25984    6.7   24.1  1.015    2.7    0.0 
      0 1999  119  25617   11.7   25.7  1.089    2.8    0.0 
      0 1999  120  23403   13.2   27.2  1.411    2.5    0.0 
      0 1999  121  22380   13.9   24.1  1.309    3.4    0.0 
      0 1999  122  17342   15.5   23.4  1.303    2.5    0.8 
      0 1999  123   8661   14.6   22.6  1.607    2.8    7.4 
      0 1999  124  25734   11.1   28.0  1.326    2.6    0.0 
      0 1999  125  25313   13.8   25.3  1.156    2.9    0.0 
      0 1999  126  24559   12.1   27.6  1.440    2.2    0.0 
      0 1999  127  24406   16.8   28.6  1.559    2.9    0.3 
      0 1999  128  26450   13.3   30.4  1.584    2.5    0.0 
      0 1999  129  18898   16.7   28.3  1.665    2.5    3.1 
      0 1999  130  24422   15.3   26.8  1.529    2.5    1.5 
      0 1999  131  26497   14.3   28.1  1.660    3.0    0.0 
      0 1999  132  26710   16.1   30.6  1.798    2.8    0.0 
      0 1999  133  25775   16.8   31.8  1.831    1.8    0.0 
      0 1999  134  15307   19.4   27.7  1.784    3.2    1.9 
      0 1999  135  11341   19.6   25.8  2.014    4.0    6.7 
      0 1999  136  12978   19.2   26.1  1.817    4.3    0.3 
      0 1999  137   5507   18.8   23.1  1.899    2.7    4.8 
      0 1999  138  11859   14.0   21.7  1.584    3.8    2.5 
      0 1999  139  26475   11.5   26.4  1.359    2.2    0.0 
      0 1999  140  26294   12.6   29.6  1.413    2.7    0.0 
      0 1999  141  26948   16.2   29.9  1.636    2.4    0.0 
      0 1999  142  21236   16.7   28.7  1.887    2.2    0.0 
      0 1999  143  11034   18.0   26.4  2.034    1.6    0.6 
      0 1999  144  14977   15.6   26.3  1.866    1.8    0.2 
      0 1999  145  17419   15.0   26.8  1.723    2.0    1.7 
      0 1999  146  28019   11.9   30.5  1.265    2.2    0.0 
      0 1999  147  27163   18.0   36.0  1.278    3.4    0.0 
      0 1999  148  27180   18.7   27.9  1.411    4.3    0.0 
      0 1999  149  27023   17.7   33.8  1.475    1.8    0.0 
      0 1999  150  22364   20.1   33.6  1.580    2.2    0.0 
      0 1999  151   4237   20.6   25.5  1.765    1.7    0.1 
      0 1999  152  24716   18.0   32.7  1.817    1.9    0.0 
      0 1999  153  20213   19.6   35.3  1.704    1.7    0.0 
      0 1999  154   9792   25.1   33.9  1.602    2.2    0.1 
      0 1999  155   5682   23.2   27.8  1.712    2.0    0.0 
      0 1999  156  10993   20.8   27.9  1.892    1.7    4.1 
      0 1999  157  13238   20.2   28.6  2.075    2.4   10.6 
      0 1999  158  25775   20.4   31.7  1.790    3.8    0.0 
      0 1999  159  22533   20.5   31.7  1.548    1.8    0.0 
      0 1999  160  21705   18.7   31.8  1.416    2.0    0.0 
      0 1999  161  24980   21.2   34.3  1.645    1.8    0.0 
      0 1999  162  27958   19.5   32.4  1.970    2.2    0.0 
      0 1999  163  20392   20.1   31.8  2.046    2.2    0.1 
      0 1999  164  20117   21.1   32.8  2.129    2.6    0.0 
      0 1999  165  14273   25.7   35.9  2.621    2.9    0.6 
      0 1999  166   2611   21.5   28.9  2.227    5.8   17.0 
      0 1999  167  18445   22.5   28.4  1.395    4.6    0.0 
      0 1999  168  26454   20.6   32.3  1.861    1.5    0.0 
      0 1999  169  24766   19.5   36.4  2.051    2.7    2.7 
      0 1999  170  26215   23.2   34.3  1.796    2.3    0.0 
      0 1999  171  14338   24.1   34.0  2.024    2.7    0.1 
      0 1999  172  23279   21.8   33.3  2.243    3.0    0.0 
      0 1999  173  10050   24.0   30.8  2.511    1.3    7.5 
      0 1999  174  23927   21.5   31.3  2.059    1.9    1.5 
      0 1999  175  21137   20.8   34.2  1.884    2.2    0.0 
      0 1999  176  26994   21.7   36.1  1.804    2.8    0.0 
      0 1999  177  26903   22.0   35.9  1.777    2.0    0.0 
      0 1999  178  26278   22.6   35.4  1.918    2.4    0.0 
      0 1999  179  19873   21.6   32.7  2.065    2.4    0.0 
      0 1999  180  22628   24.0   33.8  1.732    2.7    0.0 
      0 1999  181  23663   22.6   36.2  1.635    2.5    0.0 
      0 1999  182  28291   22.9   37.8  1.467    2.4    0.0 
      0 1999  183  26575   23.6   40.1  1.248    1.5    0.0 
      0 1999  184   8489   26.7   34.1  1.770    1.5    0.0 
      0 1999  185   3221   21.9   29.5  2.198    2.6   34.3 
      0 1999  186   1714   20.7   21.9  2.252    5.6   79.4 
      0 1999  187   2421   20.1   21.8  2.250    4.5   24.0 
      0 1999  188  13595   19.9   26.5  2.273    2.3    0.2 
      0 1999  189  16487   21.4   28.2  2.553    1.2    0.0 
      0 1999  190  21475   21.7   30.1  2.655    1.2    0.0 
      0 1999  191  24041   21.2   30.3  2.506    2.0    0.1 
      0 1999  192  21391   21.9   28.7  2.529    2.8    1.6 
      0 1999  193  13396   22.2   28.2  2.667    2.5    8.2 
      0 1999  194  13600   21.9   27.4  2.465    2.5    2.2 
      0 1999  195  21071   21.7   28.8  2.416    1.7    0.6 
      0 1999  196  22642   21.1   30.4  2.614    1.0    0.3 
      0 1999  197  20627   22.3   31.7  2.658    0.6    0.7 
      0 1999  198  22725   22.5   32.3  2.728    0.8    0.1 
      0 1999  199  24186   22.6   33.8  2.754    1.4    0.2 
      0 1999  200  25091   22.8   34.2  2.733    1.3    0.1 
      0 1999  201  25860   23.1   34.3  2.602    1.4    0.0 
      0 1999  202  24610   24.6   33.4  2.758    1.4    0.1 
      0 1999  203  21884   24.3   33.4  2.827    1.3    0.0 
      0 1999  204  25337   25.1   34.5  2.820    0.8    0.0 
      0 1999  205  26900   24.7   36.9  2.714    1.5    0.0 
      0 1999  206  25078   25.4   37.4  2.760    1.9    0.3 
      0 1999  207  21667   26.7   35.2  3.031    2.0    2.1 
      0 1999  208  21169   25.1   33.5  2.997    1.1    6.9 
      0 1999  209  22029   24.0   33.5  2.934    1.2    3.3 
      0 1999  210  25039   24.3   35.9  2.909    1.7    0.1 
      0 1999  211  25066   26.4   37.7  3.044    1.8    0.0 
      0 1999  212  22702   27.1   37.9  3.142    2.1    0.5 
      0 1999  213  13488   25.8   30.8  2.854    4.1   17.6 
      0 1999  214  25659   23.4   32.0  2.474    2.3    0.0 
      0 1999  215  24298   22.7   31.9  2.473    1.7    0.0 
      0 1999  216  25029   21.0   32.2  2.278    1.4    0.0 
      0 1999  217  23767   22.2   31.3  2.293    1.7    0.0 
      0 1999  218  21171   23.0   32.2  2.646    1.3    0.5 
      0 1999  219  19283   24.5   34.0  2.905    1.3    0.2 
      0 1999  220  11237   25.6   31.0  3.178    1.7    8.5 
      0 1999  221   5254   24.5   27.8  3.039    1.7   13.6 
      0 1999  222  25956   20.9   32.3  2.263    2.9    0.0 
      0 1999  223  26468   19.8   29.8  1.749    3.9    0.0 
      0 1999  224  21049   17.9   30.5  2.083    2.1    0.0 
      0 1999  225  13701   22.3   29.2  2.537    2.8    0.8 
      0 1999  226  17216   23.7   30.7  2.884    3.1    2.0 
      0 1999  227  14693   24.1   30.6  2.946    3.2    2.0 
      0 1999  228  17363   23.8   31.2  2.863    1.2    1.5 
      0 1999  229  22781   24.1   34.0  2.768    1.7    0.0 
      0 1999  230  21412   25.0   33.6  2.639    2.0    2.0 
      0 1999  231  11649   20.9   25.6  2.251    4.4    1.6 
      0 1999  232  22987   18.4   29.8  2.137    1.1    0.0 
      0 1999  233  19694   20.6   30.2  2.174    1.3    0.0 
      0 1999  234  22797   20.2   30.7  2.013    1.3    0.0 
      0 1999  235  23903   19.2   30.5  2.006    1.4    0.0 
      0 1999  236  17418   21.7   29.5  2.123    1.2    0.0 
      0 1999  237  16042   20.9   29.4  2.379    1.1    4.2 
      0 1999  238  12756   21.8   28.7  2.430    1.6    1.2 
      0 1999  239  19969   20.7   29.8  2.202    1.8    0.1 
      0 1999  240  20803   20.1   31.8  2.258    1.4    0.0 
      0 1999  241  23348   21.3   34.3  2.375    1.2    0.0 
      0 1999  242  19486   21.3   33.7  2.359    1.7    0.3 
      0 1999  243  19174   22.1   32.7  2.403    1.7    0.6 
      0 1999  244  19632   22.8   33.0  2.507    1.4    1.0 
      0 1999  245  19763   22.0   32.1  1.848    1.9    0.0 
      0 1999  246  14867   20.7   30.0  1.826    2.5    0.3 
      0 1999  247   9771   21.4   27.1  2.310    3.4    6.3 
      0 1999  248  15780   22.2   30.0  2.362    1.1    0.4 
      0 1999  249  14906   22.5   31.8  2.585    1.3    1.5 
      0 1999  250  20725   22.8   35.5  2.812    1.2    0.8 
      0 1999  251  16947   24.9   35.1  3.127    1.7    8.5 
      0 1999  252  17770   25.5   36.1  3.153    1.8    0.3 
      0 1999  253  14971   26.3   34.3  2.968    1.8    7.7 
      0 1999  254  14953   22.8   30.5  2.633    1.5   11.9 
      0 1999  255  13646   21.0   30.6  1.941    1.4    0.0 
      0 1999  256   7094   21.4   25.5  1.936    1.7    4.5 
      0 1999  257   5750   17.2   23.2  2.053    1.4    8.6 
      0 1999  258  21304   15.6   27.2  1.894    1.4    0.0 
      0 1999  259  15575   17.9   27.2  1.957    1.6    0.0 
      0 1999  260  17460   19.1   26.8  1.894    3.3    0.5 
      0 1999  261  12665   20.2   26.6  1.859    2.9    0.1 
      0 1999  262  16604   18.1   26.4  1.775    3.7    0.4 
      0 1999  263  18589   16.2   22.2  1.269    4.8    0.0 
      0 1999  264  19972   13.5   22.5  1.094    1.5    0.0 
      0 1999  265  17754   13.8   24.2  1.380    1.5    0.0 
      0 1999  266  17890   16.1   24.8  1.395    1.6    0.0 
      0 1999  267  20126   14.6   30.2  1.593    2.4    0.0 
      0 1999  268  20093   18.1   30.3  1.820    2.2    0.0 
      0 1999  269  17009   17.7   29.7  1.566    1.5    0.0 
      0 1999  270  11826   18.5   28.1  1.693    3.0    0.4 
      0 1999  271  13372   20.8   28.7  1.950    2.0    0.5 
      0 1999  272  11694   21.7   29.0  1.871    3.1    0.0 
      0 1999  273   5080   17.5   24.3  1.690    3.1    5.1 
      0 1999  274   1831   16.2   21.4  1.577    4.5   17.2 
      0 1999  275   4328   12.4   16.2  0.933    2.4    2.9 
      0 1999  276  11443    9.3   17.7  1.002    1.8    0.0 
      0 1999  277   1210   10.9   14.0  1.219    1.1   12.2 
      0 1999  278  10984    9.1   17.7  1.260    1.2    0.0 
      0 1999  279  18503    8.7   25.0  1.407    1.9    0.0 
      0 1999  280  17477   13.6   25.2  1.646    1.4    0.0 
      0 1999  281  17345   14.0   24.7  1.563    1.2    0.0 
      0 1999  282   5026   15.9   19.6  1.658    1.9    4.4 
      0 1999  283  11163   14.5   22.6  1.702    1.4    1.3 
      0 1999  284  12752   10.1   24.0  1.299    1.4    0.0 
      0 1999  285  10843   13.5   23.8  1.500    0.9    0.0 
      0 1999  286  14313   15.4   25.0  1.666    0.9    0.0 
      0 1999  287   2634   14.0   18.8  1.583    2.6    6.5 
      0 1999  288  11070   12.9   19.0  1.144    3.3    0.0 
      0 1999  289  14919   10.4   16.5  0.603    2.5    0.0 
      0 1999  290  17338    5.5   20.5  0.717    1.6    0.0 
      0 1999  291  17169    7.6   21.0  0.827    1.7    0.0 
      0 1999  292  15438    9.2   25.0  1.156    2.5    0.0 
      0 1999  293  13673    9.5   24.7  0.989    1.9    0.0 
      0 1999  294  12951   12.6   24.5  1.107    1.9    0.0 
      0 1999  295  16117   10.7   24.9  1.173    1.1    0.0 
      0 1999  296  15425   11.2   22.8  1.229    1.6    0.0 
      0 1999  297  15610   10.7   23.7  1.262    1.2    0.0 
      0 1999  298  11207   10.7   22.6  1.307    1.3    0.6 
      0 1999  299  13591   14.1   23.9  1.420    1.0    0.1 
      0 1999  300  15144   11.4   25.5  1.438    2.6    0.0 
      0 1999  301  12752   10.4   19.2  0.989    2.9    0.1 
      0 1999  302  12370    7.1   16.1  0.438    2.3    0.1 
      0 1999  303   1283    8.4   11.8  0.883    3.2   12.5 
      0 1999  304   8627    6.6   12.9  0.825    2.8    5.0 
      0 1999  305  14929    2.4   16.4  0.742    1.8    0.0 
      0 1999  306  14754    1.9   17.2  0.662    1.4    0.0 
      0 1999  307  14369    4.5   18.5  0.785    1.1    0.0 
      0 1999  308  12308    6.5   18.2  0.882    1.5    0.0 
      0 1999  309   8970    9.2   18.5  1.084    1.4    0.0 
      0 1999  310  12023    9.6   19.8  1.186    1.6    0.0 
      0 1999  311  13093    9.1   20.5  0.973    2.5    0.0 
      0 1999  312  13141    6.3   17.3  0.762    2.6    0.0 
      0 1999  313  12727    4.1   16.0  0.736    1.5    0.0 
      0 1999  314   2761    6.7   11.7  0.960    0.6   13.2 
      0 1999  315  13016    5.1   18.9  1.047    2.1    0.0 
      0 1999  316  13104    4.3   20.1  0.968    1.5    0.0 
      0 1999  317  12291    6.3   18.2  1.038    1.5    1.7 
      0 1999  318   5720    6.9   12.4  0.931    4.5    0.3 
      0 1999  319   9349    3.3    7.7  0.496    4.5    0.0 
      0 1999  320   6953    0.9    6.8  0.578    2.1    0.8 
      0 1999  321  12562    2.4   14.5  0.697    1.9    0.0 
      0 1999  322  12750    0.9   14.1  0.566    2.8    0.0 
      0 1999  323  12303    1.2   17.3  0.636    1.9    0.0 
      0 1999  324  11276    0.5   16.0  0.652    1.3    0.0 
      0 1999  325  11464    6.8   18.2  0.847    1.6    0.0 
      0 1999  326  11580    7.5   19.4  0.987    1.4    0.0 
      0 1999  327   8822    7.4   19.2  1.182    1.6    0.7 
      0 1999  328  11614    9.0   20.3  0.850    3.2    0.0 
      0 1999  329   7585    4.6    9.7  0.687    2.6    0.0 
      0 1999  330   5745    2.1    5.7  0.529    3.0    0.1 
      0 1999  331   7154   -0.6    8.7  0.365    1.6    0.0 
      0 1999  332  11803   -4.7   10.2  0.316    2.0    0.0 
      0 1999  333  11647   -4.3   11.2  0.363    2.0    0.0 
      0 1999  334   9215   -2.5   10.5  0.442    1.1    0.0 
      0 1999  335  11026    2.5   12.9  0.587    1.5    0.0 
      0 1999  336   9476   -0.0   12.6  0.570    2.3    0.0 
      0 1999  337   4817    5.9   10.2  0.697    2.1    0.2 
      0 1999  338  10231    0.3   11.6  0.596    1.7    0.0 
      0 1999  339  11161   -1.7   11.7  0.406    2.4    0.0 
      0 1999  340  11224   -4.3    8.0  0.336    1.5    0.0 
      0 1999  341  11067   -2.8   11.2  0.374    3.5    0.0 
      0 1999  342  11063    1.1   14.8  0.335    3.5    0.0 
      0 1999  343  10993   -1.8   14.3  0.382    2.2    0.0 
      0 1999  344  10736    1.5   13.9  0.361    2.9    0.0 
      0 1999  345  10450   -1.2    9.0  0.326    2.0    0.0 
      0 1999  346   7231    1.0   13.1  0.504    1.7    0.0 
      0 1999  347   9668   -1.5   14.9  0.443    2.3    0.0 
      0 1999  348  10689   -1.3   14.3  0.384    2.3    0.0 
      0 1999  349  10439   -1.8   14.1  0.441    2.3    0.0 
      0 1999  350  10435   -0.1    8.6  0.346    2.5    0.0 
      0 1999  351   8296   -2.5    7.3  0.327    1.9    0.0 
      0 1999  352   8439   -3.8    4.6  0.306    2.3    0.0 
      0 1999  353  11255   -7.0    1.1  0.180    2.5    0.0 
      0 1999  354  11003   -7.7    3.2  0.132    2.2    0.0 
      0 1999  355  11060   -7.0    2.9  0.151    1.4    0.0 
      0 1999  356  11146   -7.4    5.7  0.181    2.3    0.0 
      0 1999  357  10791   -4.3   10.7  0.175    2.8    0.0 
      0 1999  358  10819   -3.8   12.9  0.270    2.4    0.0 
      0 1999  359  10676   -3.5   11.1  0.326    2.1    0.0 
      0 1999  360  10750   -1.4   11.2  0.381    1.3    0.0 
      0 1999  361  10585   -1.8   14.4  0.449    1.4    0.0 
      0 1999  362  10988   -3.1   10.6  0.291    1.8    0.0 
      0 1999  363  10959   -2.6   13.0  0.325    2.3    0.0 
      0 1999  364  10502   -1.5   10.8  0.356    2.3    0.0 
      0 1999  365   7973   -0.7    6.4  0.423    3.0    0.2 
