*---------------------------------------------------------------------------*
*Station name: 35.135916 113.763737
* Column  Daily value
* 1       station number
* 2       year
* 3       day
* 4       irradiation                   (kJ m-2 d-1)
* 5       minimum temperature           (degrees Celsius)
* 6       maximum temperature           (degrees Celsius)
* 7       early morning vapour pressure (kPa)
* 8       mean wind speed (height: 2 m) (m s-1)
* 9       precipitation                 (mm d-1)
*
* era5
* Created by era2cabo, by Alex 
* File created: 2019-05-11 03:50:51.462676
** WCCFORMAT=2
*---------------------------------------------------------------------------*
113.763737  35.135916  50.000000  -0.180000  -0.550000 
      0 2003    1  10430   -6.9    3.5  0.310    2.2    0.1 
      0 2003    2   9311   -4.0    7.6  0.349    2.5    0.9 
      0 2003    3  11665   -7.6    1.7  0.174    1.9    0.0 
      0 2003    4  11790   -8.7    0.7  0.186    1.5    0.0 
      0 2003    5  11478   -8.8    1.3  0.198    1.5    0.0 
      0 2003    6  11649   -8.2    2.4  0.232    2.1    0.0 
      0 2003    7  11739   -9.6    2.5  0.253    1.4    0.0 
      0 2003    8  11542   -7.1    6.7  0.328    3.0    0.0 
      0 2003    9   9630   -2.8    8.3  0.414    1.3    0.0 
      0 2003   10  11816   -4.6    9.4  0.424    1.2    0.0 
      0 2003   11  12130   -4.6   11.4  0.396    2.3    0.0 
      0 2003   12  11860   -2.8   14.0  0.401    3.4    0.0 
      0 2003   13  12272   -2.7   14.6  0.465    2.6    0.0 
      0 2003   14   9108   -0.9    5.6  0.411    2.4    0.0 
      0 2003   15  10387   -1.2    7.3  0.468    1.7    0.0 
      0 2003   16  12211   -2.7   13.5  0.555    2.5    0.0 
      0 2003   17  12355   -1.8    8.1  0.474    2.7    0.0 
      0 2003   18  10295   -3.1   11.7  0.506    2.4    0.0 
      0 2003   19  12004   -2.6    7.8  0.491    1.2    0.0 
      0 2003   20  12230   -2.7    8.8  0.503    2.4    0.0 
      0 2003   21   9302   -2.1    7.8  0.503    1.9    1.5 
      0 2003   22  11948   -0.4   11.6  0.483    2.6    0.0 
      0 2003   23  12984   -3.3    8.7  0.487    2.0    0.0 
      0 2003   24   8541   -2.2    7.5  0.514    2.9    0.0 
      0 2003   25   8290    1.2    6.9  0.560    3.4    0.9 
      0 2003   26   7968   -0.8    9.4  0.572    1.8    0.1 
      0 2003   27  14115   -5.0    5.2  0.204    3.1    0.0 
      0 2003   28  13984   -4.6    7.1  0.257    2.6    0.0 
      0 2003   29  13908   -5.8    4.9  0.315    1.5    0.0 
      0 2003   30   5474   -2.6    3.3  0.416    1.4    2.2 
      0 2003   31  10009   -3.8    3.5  0.441    2.6    2.6 
      0 2003   32  13537   -4.9    8.0  0.467    1.7    0.0 
      0 2003   33  12760   -2.4   10.0  0.562    1.3    0.0 
      0 2003   34  13691   -1.5   13.9  0.506    2.8    0.0 
      0 2003   35  14909   -3.7    9.8  0.341    1.9    0.0 
      0 2003   36  14603   -4.1    8.4  0.357    1.6    0.0 
      0 2003   37  14839   -2.8   12.5  0.421    2.9    0.0 
      0 2003   38  10080   -1.4   11.4  0.539    1.4    0.0 
      0 2003   39  13659   -1.1   11.7  0.698    1.5    0.0 
      0 2003   40   2103   -1.9    6.9  0.645    6.0   11.6 
      0 2003   41   8658   -4.0    0.1  0.345    3.8    2.4 
      0 2003   42  13290   -5.1    2.4  0.296    1.5    0.0 
      0 2003   43  15950   -5.6    8.6  0.409    2.6    0.0 
      0 2003   44  14236   -4.2    9.6  0.509    1.3    0.0 
      0 2003   45   5524   -0.6    6.9  0.597    1.2    0.2 
      0 2003   46  13341   -1.5   10.8  0.630    1.5    0.0 
      0 2003   47  14830   -2.5   12.1  0.566    1.1    0.0 
      0 2003   48  15906   -0.7   15.4  0.647    2.5    0.0 
      0 2003   49  16452   -1.6   14.9  0.662    1.3    0.0 
      0 2003   50  15513    1.2   13.4  0.636    2.6    0.0 
      0 2003   51  12707    1.1   13.4  0.605    2.9    0.4 
      0 2003   52   2851    3.8    7.8  0.669    3.1    4.9 
      0 2003   53   8756    1.2    8.1  0.656    1.9    0.1 
      0 2003   54  13970   -0.5   12.5  0.743    1.9    0.0 
      0 2003   55  16854    2.3   14.9  0.874    1.8    0.0 
      0 2003   56   7827    5.3   13.3  0.952    1.3    0.4 
      0 2003   57  11150    6.0   11.0  0.693    4.1    0.0 
      0 2003   58   6940    3.5    7.4  0.451    3.5    0.0 
      0 2003   59  10731    0.4    8.7  0.558    1.5    0.0 
      0 2003   60  15186   -0.2   13.5  0.727    2.3    0.0 
      0 2003   61  15811    3.9   18.9  0.928    3.0    0.0 
      0 2003   62  17333    1.4   10.0  0.412    4.7    0.2 
      0 2003   63   7272   -0.1    4.8  0.353    2.9    1.8 
      0 2003   64   5303   -2.9    1.5  0.471    2.8    4.0 
      0 2003   65  16503   -5.0    8.1  0.503    1.8    0.0 
      0 2003   66  18677   -3.1   14.7  0.508    2.6    0.0 
      0 2003   67  19958   -2.4   15.1  0.507    1.8    0.0 
      0 2003   68  17760    1.5   14.0  0.612    2.1    0.2 
      0 2003   69  16683    1.2   13.9  0.709    2.5    0.1 
      0 2003   70  13807    5.2   12.1  0.771    1.5    0.1 
      0 2003   71  10510    4.4    9.5  0.538    4.6    0.7 
      0 2003   72  11929    4.0   10.1  0.492    3.9    0.7 
      0 2003   73   3068    3.5    5.9  0.718    4.3   13.9 
      0 2003   74   3943    2.5    6.2  0.728    3.2    7.6 
      0 2003   75  13246    2.1    9.4  0.714    2.2    0.6 
      0 2003   76  10151    1.5    9.9  0.707    2.0    0.0 
      0 2003   77  16793   -0.9   12.4  0.708    1.7    0.0 
      0 2003   78  20065    1.2   15.1  0.757    2.5    0.0 
      0 2003   79  21077    2.1   19.6  0.789    3.2    0.0 
      0 2003   80  22473   -1.5   13.2  0.524    2.2    0.0 
      0 2003   81  17126    0.9   11.7  0.643    1.7    0.0 
      0 2003   82  20018    2.2   18.9  0.806    3.0    0.0 
      0 2003   83  21724    1.5   19.2  0.715    2.0    0.0 
      0 2003   84  21387    6.3   21.4  1.048    1.6    0.0 
      0 2003   85  11613    8.6   18.8  0.959    3.4    0.4 
      0 2003   86  20788    3.9   15.4  0.640    1.7    0.0 
      0 2003   87  21379    8.2   19.7  0.878    2.1    0.4 
      0 2003   88  22090   10.1   24.3  1.285    2.1    0.0 
      0 2003   89  16514   13.0   24.4  1.550    2.9    0.0 
      0 2003   90  10425   12.9   19.9  1.213    6.6    0.1 
      0 2003   91   6837   10.3   15.5  0.557    5.5    0.0 
      0 2003   92   6687    7.9   11.2  0.767    4.2    1.0 
      0 2003   93  11747    6.2   14.3  0.977    1.0    0.6 
      0 2003   94  22639    4.5   18.4  0.850    2.6    0.0 
      0 2003   95  21471    4.2   19.4  0.828    2.6    0.0 
      0 2003   96  21281    8.5   20.4  0.980    2.7    0.1 
      0 2003   97  21621   10.9   22.7  1.074    2.2    0.1 
      0 2003   98  23497    8.0   20.0  0.689    3.3    0.0 
      0 2003   99  19252    9.5   18.0  0.701    3.4    0.0 
      0 2003  100  10811    8.7   15.6  0.927    2.0    1.1 
      0 2003  101  19122    4.1   22.0  1.022    2.4    0.0 
      0 2003  102  22619    7.1   22.5  0.832    1.8    0.0 
      0 2003  103  17451    7.3   21.7  0.673    2.6    0.0 
      0 2003  104  25356    6.9   25.3  0.757    3.7    0.0 
      0 2003  105  24848   13.2   27.2  1.198    3.2    0.0 
      0 2003  106  24343   13.6   29.7  1.587    3.2    0.0 
      0 2003  107   3329   12.3   24.3  1.915    4.0   49.2 
      0 2003  108  19097   10.2   16.9  0.935    4.5    0.3 
      0 2003  109  12823    9.6   14.3  1.075    1.6    0.2 
      0 2003  110  17549    6.7   18.1  0.959    2.9    0.0 
      0 2003  111   7722    8.0   13.9  0.859    2.7    0.1 
      0 2003  112   4252    8.9   12.9  1.156    1.2    4.8 
      0 2003  113  15819    6.3   20.1  1.327    1.0    0.0 
      0 2003  114  17305   10.9   22.4  1.533    1.4    0.3 
      0 2003  115  23689    9.5   24.1  1.564    2.3    0.0 
      0 2003  116  21451   11.3   26.8  1.702    1.6    0.0 
      0 2003  117  24983   12.7   28.1  1.744    1.8    0.0 
      0 2003  118  21352   13.3   24.3  1.835    1.5    0.1 
      0 2003  119  20887   14.1   23.1  1.647    2.1    0.4 
      0 2003  120  26783   10.8   27.9  1.321    2.5    0.0 
      0 2003  121  26416   14.8   29.3  1.514    2.6    0.0 
      0 2003  122  25499   15.5   28.3  1.650    2.6    0.0 
      0 2003  123  16913   16.6   25.8  1.975    2.2    1.3 
      0 2003  124  16555   17.5   24.8  1.799    4.4    0.5 
      0 2003  125   8383   17.7   23.6  1.812    3.9    0.3 
      0 2003  126   2420   17.3   18.7  1.855    2.8   21.3 
      0 2003  127   3140   14.5   18.5  1.566    3.2    2.2 
      0 2003  128  12316   12.9   17.1  1.129    1.0    0.0 
      0 2003  129  19556    9.8   22.4  1.372    2.3    0.0 
      0 2003  130  24552   12.5   25.3  1.627    2.2    0.0 
      0 2003  131  26408   13.6   26.6  1.707    2.0    0.0 
      0 2003  132  22545   14.7   26.3  1.846    1.9    0.1 
      0 2003  133  16369   15.7   24.6  1.891    1.7    0.3 
      0 2003  134   4744   17.6   21.0  1.970    2.2    9.0 
      0 2003  135   7695   15.4   20.8  1.697    2.5    0.1 
      0 2003  136  18136   13.2   23.9  1.806    1.0    0.0 
      0 2003  137  15396   15.3   23.8  1.901    1.8    0.2 
      0 2003  138  23444   16.3   27.2  1.931    1.2    1.3 
      0 2003  139  26417   11.9   28.1  1.373    2.1    0.0 
      0 2003  140  23683   12.1   28.3  1.425    1.7    0.0 
      0 2003  141  23099   16.8   28.6  1.593    1.6    0.0 
      0 2003  142  26163   14.0   28.5  1.478    3.0    0.0 
      0 2003  143  16376   17.7   26.2  1.764    1.4    0.0 
      0 2003  144  24532   16.2   28.7  1.823    1.2    0.0 
      0 2003  145  27354   16.0   29.9  1.874    2.1    0.0 
      0 2003  146  16467   17.3   27.8  1.788    1.5    0.0 
      0 2003  147  18363   19.8   27.4  1.875    1.5    0.0 
      0 2003  148  24922   19.7   30.4  1.882    2.3    0.0 
      0 2003  149  28452   16.4   32.0  1.579    1.5    0.0 
      0 2003  150  27242   16.2   32.8  1.428    2.3    0.0 
      0 2003  151  21452   17.9   31.6  1.525    1.8    0.0 
      0 2003  152  25256   18.6   33.5  1.496    1.8    0.0 
      0 2003  153   5950   19.2   25.4  2.071    2.3   20.0 
      0 2003  154  11980   16.6   25.0  1.875    3.6    1.6 
      0 2003  155  26269   14.2   28.8  1.715    2.5    0.0 
      0 2003  156  23837   18.5   31.4  2.063    2.1    0.1 
      0 2003  157  28703   17.2   31.8  1.583    1.4    0.0 
      0 2003  158  25776   18.8   34.0  1.643    2.0    0.0 
      0 2003  159  20359   20.1   33.0  1.976    2.0    0.2 
      0 2003  160  15360   20.4   29.6  2.194    3.0    6.4 
      0 2003  161  19278   18.6   27.4  1.864    2.4    3.3 
      0 2003  162  27382   18.2   30.2  1.802    2.5    0.0 
      0 2003  163  27327   15.6   30.1  1.609    2.6    0.0 
      0 2003  164  28389   15.6   30.3  1.358    2.7    0.0 
      0 2003  165  25671   17.3   32.8  1.421    2.1    0.3 
      0 2003  166  25157   19.3   30.9  1.648    2.5    0.0 
      0 2003  167  27464   20.3   32.4  1.649    1.7    0.0 
      0 2003  168  25758   21.6   34.8  1.944    1.9    0.3 
      0 2003  169  25549   22.6   36.2  2.193    1.3    1.1 
      0 2003  170  24566   22.3   35.6  2.243    1.6    0.3 
      0 2003  171  23911   22.9   35.7  2.368    1.6    4.8 
      0 2003  172  18620   22.4   32.3  2.570    1.9    0.9 
      0 2003  173   3161   22.2   25.6  2.728    2.3   22.6 
      0 2003  174  25387   19.3   31.3  2.585    1.4    0.0 
      0 2003  175  20828   22.8   31.8  2.704    2.1    0.8 
      0 2003  176  19382   22.7   32.3  2.591    1.6    0.2 
      0 2003  177  12298   21.6   29.8  2.363    1.3    0.5 
      0 2003  178  25538   19.6   33.0  2.481    2.0    0.0 
      0 2003  179  26527   22.0   35.6  2.663    2.2    0.9 
      0 2003  180  12680   20.2   29.6  2.233    5.1   12.0 
      0 2003  181   9742   20.0   24.8  2.031    3.9    6.0 
      0 2003  182  19108   18.6   28.6  2.172    1.3    7.2 
      0 2003  183  12043   21.1   26.5  2.431    1.8    9.9 
      0 2003  184  21468   19.5   30.0  2.627    2.9    0.0 
      0 2003  185  24106   23.2   32.5  2.791    3.8    0.0 
      0 2003  186  20970   21.3   31.9  2.728    2.5    0.1 
      0 2003  187  20895   21.2   30.0  2.377    1.4    0.1 
      0 2003  188  18866   22.3   30.3  2.688    1.6    3.0 
      0 2003  189  16308   21.3   29.3  2.482    2.4    3.6 
      0 2003  190  20532   18.9   31.2  2.184    1.1    0.0 
      0 2003  191  27727   18.3   30.9  2.108    1.1    0.0 
      0 2003  192  19493   19.8   30.0  2.353    1.7    3.1 
      0 2003  193   8036   19.6   24.4  2.188    1.9   27.8 
      0 2003  194   4723   19.6   22.6  2.187    1.4    9.2 
      0 2003  195  14951   19.7   26.7  2.279    1.1    8.2 
      0 2003  196   5866   19.7   23.1  2.400    1.7    8.8 
      0 2003  197   3019   20.0   21.9  2.402    1.5   56.2 
      0 2003  198  17177   19.2   27.3  2.511    1.1    0.6 
      0 2003  199  16113   20.3   29.4  2.667    1.6    0.1 
      0 2003  200  16670   22.8   29.2  2.963    1.5    2.7 
      0 2003  201  17937   22.5   31.1  3.049    1.1    2.0 
      0 2003  202   9724   22.6   27.6  2.812    2.6   14.9 
      0 2003  203  21921   20.4   30.3  2.711    1.4    0.0 
      0 2003  204  14833   22.6   30.2  2.958    1.0    0.2 
      0 2003  205  14973   24.7   33.2  3.312    1.7    7.9 
      0 2003  206  22904   24.7   34.4  3.493    2.4    0.0 
      0 2003  207  21530   25.4   34.1  3.382    2.6    0.1 
      0 2003  208  22982   27.3   35.3  3.675    2.3    0.0 
      0 2003  209  14823   26.2   32.6  3.396    2.5    1.2 
      0 2003  210  14521   26.2   32.5  3.275    2.4    1.0 
      0 2003  211  20460   26.0   34.5  3.566    2.1    0.6 
      0 2003  212  17239   27.0   33.9  3.552    2.1    0.0 
      0 2003  213  10598   25.3   30.8  3.123    2.7    0.4 
      0 2003  214  15631   23.3   31.6  2.753    1.6    0.4 
      0 2003  215   8613   22.5   28.2  2.520    1.7    3.3 
      0 2003  216  16492   21.2   29.6  2.610    1.5    0.1 
      0 2003  217  14771   24.0   30.8  3.120    1.1    3.2 
      0 2003  218  21739   24.5   33.3  3.401    0.9    2.3 
      0 2003  219  23648   24.4   33.3  3.091    2.1    0.1 
      0 2003  220   9230   25.2   31.1  3.245    1.1   20.0 
      0 2003  221  23595   23.5   31.4  3.001    1.0    1.3 
      0 2003  222   9112   24.4   28.3  2.965    1.8    8.4 
      0 2003  223  17460   21.7   30.3  2.556    1.6    0.0 
      0 2003  224   7275   21.1   24.7  2.456    1.6    4.5 
      0 2003  225   9210   20.8   24.7  2.336    1.2    2.3 
      0 2003  226   9952   19.4   24.9  2.286    2.1    2.0 
      0 2003  227   4253   18.9   21.3  2.114    2.7   19.2 
      0 2003  228  18226   16.4   26.0  2.127    1.4    0.0 
      0 2003  229  11226   18.0   25.6  2.362    1.2    0.1 
      0 2003  230  19989   18.3   28.4  2.538    2.5    0.0 
      0 2003  231  19749   20.6   27.9  2.509    1.8    0.1 
      0 2003  232  21491   20.2   28.1  2.381    1.7    0.0 
      0 2003  233   8732   22.4   28.6  2.726    2.7    2.3 
      0 2003  234  16517   24.6   31.3  3.230    1.4    1.3 
      0 2003  235  17130   25.6   32.1  3.316    1.6    4.9 
      0 2003  236   5592   23.3   26.3  2.699    2.9    3.2 
      0 2003  237   7685   22.0   27.7  2.717    1.5    7.2 
      0 2003  238   4540   21.0   24.3  2.446    4.1   22.5 
      0 2003  239  19893   19.7   28.0  2.448    1.2    4.4 
      0 2003  240  16224   20.5   29.0  2.631    1.8    1.2 
      0 2003  241   1921   17.5   24.9  1.906    7.1   32.6 
      0 2003  242   8355   14.8   18.5  1.636    3.0   22.4 
      0 2003  243  11204   13.2   21.4  1.840    1.3    0.7 
      0 2003  244   2266   16.8   18.9  1.944    1.5   20.7 
      0 2003  245  19210   16.2   26.0  2.190    1.5    0.0 
      0 2003  246   5906   19.0   24.1  2.155    2.3    6.7 
      0 2003  247   8345   19.1   23.4  2.117    1.1    4.9 
      0 2003  248  14509   18.5   26.3  2.405    0.9    1.0 
      0 2003  249   3215   19.3   23.0  2.324    1.1   21.4 
      0 2003  250  11122   18.7   25.1  2.219    2.8    2.7 
      0 2003  251  17187   17.4   27.1  2.186    2.5    0.0 
      0 2003  252  19310   16.8   26.6  2.113    1.7    0.3 
      0 2003  253  21011   15.8   26.6  2.011    1.4    0.0 
      0 2003  254  21264   17.3   27.7  2.067    1.3    0.0 
      0 2003  255  19725   17.1   27.5  2.078    1.5    0.0 
      0 2003  256  21469   18.3   31.1  2.459    2.3    0.0 
      0 2003  257  19363   20.7   30.0  2.475    2.3    0.4 
      0 2003  258  17877   20.4   28.7  2.425    1.4    0.6 
      0 2003  259  19075   20.4   30.6  2.705    1.4    1.6 
      0 2003  260  11524   22.5   29.9  2.868    1.9    2.6 
      0 2003  261   6209   19.4   23.6  2.140    5.0    9.4 
      0 2003  262   2778   15.9   21.0  1.753    4.6   13.4 
      0 2003  263  12381   14.1   22.9  1.615    1.2    0.0 
      0 2003  264  18680   16.4   25.4  1.855    2.0    0.0 
      0 2003  265  18256   16.4   26.4  1.873    2.0    0.0 
      0 2003  266  17267   15.5   26.9  1.924    1.8    0.6 
      0 2003  267  18940   16.4   27.7  2.045    1.9    0.0 
      0 2003  268  16291   16.5   27.9  2.073    1.6    0.0 
      0 2003  269  14676   18.8   26.8  2.157    1.7    0.0 
      0 2003  270  17425   18.1   27.5  2.024    3.4    0.6 
      0 2003  271   5208   17.4   20.4  1.745    4.7    7.7 
      0 2003  272   2529   16.8   18.2  1.682    4.2   12.7 
      0 2003  273   2385   16.0   17.6  1.615    0.6    8.3 
      0 2003  274   1873   14.1   17.1  1.689    1.6   12.0 
      0 2003  275   2957   11.4   16.6  1.434    1.5    3.4 
      0 2003  276   6715   10.2   17.0  1.400    1.7    0.0 
      0 2003  277   3935   11.5   13.8  1.286    2.0    3.2 
      0 2003  278  12869   10.6   19.0  1.347    2.0    0.7 
      0 2003  279  16028   10.8   20.7  1.427    1.9    0.0 
      0 2003  280  11192   11.7   20.1  1.547    1.8    0.4 
      0 2003  281  12796   14.2   21.8  1.652    2.1    0.2 
      0 2003  282  10585   15.0   23.0  1.717    1.2    0.2 
      0 2003  283   1321   15.6   18.2  1.751    5.2   32.1 
      0 2003  284   4000   10.6   17.0  1.231    6.4   32.6 
      0 2003  285   7517    9.0   10.7  0.883    5.6    1.2 
      0 2003  286  12924    8.3   16.8  0.845    1.7    0.0 
      0 2003  287  17509    5.7   17.6  0.962    2.0    0.0 
      0 2003  288  18122    3.1   20.2  0.827    2.0    0.0 
      0 2003  289  17481    5.2   20.6  0.842    1.8    0.0 
      0 2003  290  17425    6.1   22.6  0.961    1.9    0.0 
      0 2003  291  16264    8.5   20.9  0.941    2.1    0.0 
      0 2003  292   7647    7.1   18.4  1.036    2.5    0.4 
      0 2003  293  16776    7.9   21.9  1.079    3.6    0.0 
      0 2003  294  16643    7.4   24.1  0.911    2.9    0.0 
      0 2003  295  16559    5.7   15.5  0.607    2.9    0.0 
      0 2003  296  15625    5.7   17.2  0.724    2.3    0.0 
      0 2003  297  15254    8.0   24.1  1.078    2.0    0.0 
      0 2003  298  14547    8.8   22.0  1.028    2.3    0.0 
      0 2003  299  15802    7.4   24.2  0.984    3.0    0.0 
      0 2003  300  15563   11.8   26.1  0.884    3.1    0.0 
      0 2003  301  15054    8.9   22.1  1.018    1.3    0.0 
      0 2003  302  11490   13.3   22.8  1.214    1.5    0.0 
      0 2003  303  13091   14.1   24.5  1.392    1.6    0.0 
      0 2003  304  13889   11.7   24.2  1.356    1.7    0.0 
      0 2003  305  14304   10.7   24.9  1.381    1.7    0.0 
      0 2003  306   9561   11.6   23.9  1.317    1.6    0.0 
      0 2003  307  14661    6.5   16.2  0.611    1.8    0.0 
      0 2003  308  11648    7.3   17.9  0.832    1.3    0.3 
      0 2003  309  11695   10.0   19.1  1.094    2.6    0.1 
      0 2003  310   1509    5.7   13.6  0.941    6.1    7.4 
      0 2003  311   1505    1.2    5.6  0.608    6.2   15.0 
      0 2003  312   7120   -1.0    5.8  0.561    1.0    0.4 
      0 2003  313   4103    0.7    5.2  0.573    1.1    1.8 
      0 2003  314  10819   -0.8    9.4  0.685    1.4    0.0 
      0 2003  315   9125   -0.5    9.7  0.637    1.3    0.0 
      0 2003  316  13252   -1.6   12.3  0.647    1.7    0.0 
      0 2003  317   9750    1.8   13.6  0.767    1.5    0.0 
      0 2003  318  12059    4.4   15.5  0.924    1.8    0.0 
      0 2003  319  10608    2.8   14.2  0.849    1.7    0.0 
      0 2003  320   9837    3.9   11.7  0.640    2.9    0.0 
      0 2003  321   8564    4.4   10.6  0.600    1.8    0.2 
      0 2003  322   2484    7.2    9.6  0.851    2.8    4.1 
      0 2003  323   1523    6.3    9.5  0.886    2.2    2.3 
      0 2003  324  10785    4.5   16.5  0.903    1.3    0.0 
      0 2003  325  11414   -1.2    9.8  0.463    1.7    0.0 
      0 2003  326  11879    0.0   10.0  0.529    1.5    0.0 
      0 2003  327   4865    3.4    9.5  0.695    1.1    3.7 
      0 2003  328  11011    1.6   12.6  0.814    1.2    0.0 
      0 2003  329  10577    1.0   11.4  0.739    3.2    0.1 
      0 2003  330   9009    3.0   10.7  0.776    2.5    1.5 
      0 2003  331   4905    2.0    5.2  0.618    1.7    0.0 
      0 2003  332   9882    0.9   11.4  0.699    2.1    0.0 
      0 2003  333  11238   -0.1    9.3  0.601    1.1    0.0 
      0 2003  334  10765    0.3   10.8  0.653    1.3    0.0 
      0 2003  335   7923    1.7   10.1  0.732    1.7    0.0 
      0 2003  336   9868    2.0   10.9  0.761    1.5    0.0 
      0 2003  337   9840   -1.5    9.0  0.613    3.1    0.5 
      0 2003  338   1590    1.1    3.5  0.631    1.9   13.3 
      0 2003  339   5553    0.6    6.8  0.685    1.3    0.0 
      0 2003  340  11000   -4.8    4.5  0.389    2.7    0.0 
      0 2003  341  10883   -5.3    4.2  0.346    2.2    0.0 
      0 2003  342  10095   -3.8    7.4  0.434    2.1    0.0 
      0 2003  343  10591   -3.2    5.7  0.445    1.7    0.0 
      0 2003  344   8761   -0.5    9.2  0.587    2.3    0.1 
      0 2003  345   9817   -2.9    6.7  0.535    1.4    0.0 
      0 2003  346  10511   -2.4    7.0  0.478    0.8    0.0 
      0 2003  347  10496   -3.1    7.1  0.466    0.7    0.0 
      0 2003  348  10719   -2.1    9.3  0.514    1.7    0.0 
      0 2003  349  10302   -2.9    5.7  0.495    2.0    0.0 
      0 2003  350  10518   -2.1   11.3  0.534    2.2    0.0 
      0 2003  351  10131   -3.2    7.0  0.438    0.9    0.0 
      0 2003  352  10135   -3.4   10.1  0.361    2.6    0.0 
      0 2003  353  10933   -6.0    8.2  0.280    2.0    0.0 
      0 2003  354  10355   -4.8    7.9  0.339    2.2    0.0 
      0 2003  355  10538   -2.9    9.9  0.394    3.0    0.0 
      0 2003  356  10599   -3.0   12.4  0.443    2.2    0.0 
      0 2003  357  10703   -2.3   13.8  0.479    2.1    0.0 
      0 2003  358  10742   -3.5   12.9  0.459    1.9    0.0 
      0 2003  359  10430   -3.4    5.7  0.358    1.6    0.0 
      0 2003  360  11100   -4.7    7.5  0.319    1.9    0.0 
      0 2003  361  10940   -2.2    7.9  0.319    1.9    0.0 
      0 2003  362  10033   -1.4   12.5  0.400    2.9    0.0 
      0 2003  363   7228   -4.1    8.0  0.393    1.1    0.0 
      0 2003  364   9669   -1.1    8.9  0.454    2.9    0.0 
      0 2003  365  10491   -3.4   11.8  0.489    2.5    0.0 
