*---------------------------------------------------------------------------*
*Station name: 35.135916 113.763737
* Column  Daily value
* 1       station number
* 2       year
* 3       day
* 4       irradiation                   (kJ m-2 d-1)
* 5       minimum temperature           (degrees Celsius)
* 6       maximum temperature           (degrees Celsius)
* 7       early morning vapour pressure (kPa)
* 8       mean wind speed (height: 2 m) (m s-1)
* 9       precipitation                 (mm d-1)
*
* era5
* Created by era2cabo, by Alex 
* File created: 2019-05-08 16:39:51.710477
** WCCFORMAT=2
*---------------------------------------------------------------------------*
113.763737  35.135916  50.000000  -0.180000  -0.550000 
      0 2017    1   7826    0.8   10.8  0.709    1.2    0.0 
      0 2017    2  10375   -1.8   10.3  0.636    1.2    0.0 
      0 2017    3  10951   -0.9   14.2  0.624    2.3    0.0 
      0 2017    4   5508    0.8    8.9  0.701    2.4    2.5 
      0 2017    5   2467    3.2    4.6  0.662    4.0    1.9 
      0 2017    6   3194    2.9    6.0  0.710    1.6    0.6 
      0 2017    7   3869    3.0    6.8  0.809    1.0    1.9 
      0 2017    8   7881   -0.7    9.6  0.711    1.6    0.2 
      0 2017    9   7959   -2.3    7.9  0.614    2.0    0.0 
      0 2017   10   9453   -0.7    6.9  0.593    2.4    0.0 
      0 2017   11  10032   -2.2    9.8  0.483    2.7    0.0 
      0 2017   12  12172   -3.8   11.7  0.396    2.3    0.0 
      0 2017   13  12270   -4.2    9.4  0.365    2.0    0.0 
      0 2017   14  11885   -3.8    5.9  0.323    2.0    0.0 
      0 2017   15   8788   -4.7    4.2  0.319    1.7    0.0 
      0 2017   16  11409   -2.5    6.4  0.442    1.4    0.0 
      0 2017   17  11764   -1.0    8.1  0.535    1.4    0.0 
      0 2017   18   7367   -0.7    7.0  0.530    1.8    0.0 
      0 2017   19  12998   -4.6    8.3  0.343    2.6    0.0 
      0 2017   20  12947   -7.1    3.0  0.204    2.2    0.0 
      0 2017   21  13280   -3.7   10.2  0.261    2.2    0.0 
      0 2017   22  13161   -4.5    6.2  0.281    1.9    0.0 
      0 2017   23  13045   -4.3    7.2  0.382    1.8    0.0 
      0 2017   24  10938   -2.7    6.2  0.365    2.5    0.0 
      0 2017   25  13143   -3.5    9.9  0.416    2.1    0.0 
      0 2017   26  12731   -0.6   16.2  0.527    3.1    0.0 
      0 2017   27  13384   -0.1    8.4  0.362    2.3    0.0 
      0 2017   28   3313    0.7    5.2  0.491    1.3    0.6 
      0 2017   29   9870   -0.2    7.2  0.457    2.8    0.2 
      0 2017   30  13047   -4.7    1.8  0.189    2.7    0.0 
      0 2017   31  10612   -4.0    4.7  0.299    2.2    0.0 
      0 2017   32  13878   -4.5    6.7  0.338    2.6    0.0 
      0 2017   33   9967   -4.2    6.6  0.335    1.7    0.0 
      0 2017   34  13962   -3.0    8.7  0.474    1.9    0.0 
      0 2017   35  13808   -1.7   13.3  0.572    2.0    0.0 
      0 2017   36  12061   -1.0   10.6  0.595    1.7    0.0 
      0 2017   37  12286    2.0    9.1  0.444    4.2    0.0 
      0 2017   38   8606    1.5    5.8  0.362    2.5    0.1 
      0 2017   39   7149   -0.4    5.1  0.509    1.5    1.8 
      0 2017   40  14585   -2.6    7.5  0.415    1.7    0.4 
      0 2017   41  15996   -4.4    8.1  0.286    1.6    0.0 
      0 2017   42  16009   -4.5   12.4  0.288    1.5    0.0 
      0 2017   43  16052   -3.3   14.9  0.348    1.7    0.0 
      0 2017   44  15843   -1.9   15.5  0.471    1.8    0.0 
      0 2017   45  13304    5.0   16.1  0.509    1.8    0.0 
      0 2017   46  14078    3.5   17.4  0.613    1.9    0.0 
      0 2017   47  15707    3.9   20.4  0.631    4.0    0.0 
      0 2017   48  13543    1.8    9.3  0.336    3.7    0.0 
      0 2017   49  15004    0.5   17.4  0.500    2.8    0.0 
      0 2017   50  15553    4.3   21.2  0.697    4.2    0.0 
      0 2017   51  15673    3.0   11.9  0.164    7.8    0.0 
      0 2017   52   2566   -5.3    3.2  0.342    3.8    9.8 
      0 2017   53  12765   -5.9   10.2  0.500    1.9    0.0 
      0 2017   54  17297    0.6    9.7  0.424    2.3    0.0 
      0 2017   55  18116   -2.8   13.2  0.406    1.6    0.0 
      0 2017   56  17296   -2.6   14.2  0.408    1.5    0.0 
      0 2017   57  16969    0.6   15.2  0.446    1.2    0.0 
      0 2017   58  18251   -0.1   18.1  0.465    2.5    0.0 
      0 2017   59  13560    2.9   17.9  0.616    1.5    0.1 
      0 2017   60  18990    0.8   13.2  0.346    3.7    0.0 
      0 2017   61  19274   -0.7   14.8  0.268    2.6    0.0 
      0 2017   62  18820    1.4   20.4  0.369    2.1    0.0 
      0 2017   63  14301    3.4   17.6  0.559    2.0    0.0 
      0 2017   64  16161    4.0   13.3  0.524    4.1    0.0 
      0 2017   65  19805    0.1   16.9  0.357    3.2    0.0 
      0 2017   66  18885    2.5   11.3  0.276    3.9    0.0 
      0 2017   67  20336   -1.1   16.2  0.265    2.0    0.0 
      0 2017   68  20337   -0.7   18.8  0.243    1.8    0.0 
      0 2017   69  18452    5.5   19.7  0.478    1.4    0.0 
      0 2017   70  14239    8.0   21.3  0.673    1.7    0.0 
      0 2017   71   8859   10.4   14.4  0.490    5.7    0.4 
      0 2017   72  11800    5.2   12.0  0.251    3.7    0.0 
      0 2017   73  20168    0.6   15.1  0.293    1.6    0.0 
      0 2017   74  15993    0.8   15.1  0.382    2.2    0.0 
      0 2017   75  18061    2.9   15.0  0.579    2.5    0.0 
      0 2017   76  15258    5.2   17.4  0.670    1.8    0.0 
      0 2017   77  19204    4.8   19.2  0.713    1.7    0.0 
      0 2017   78   8709    8.1   16.3  0.725    2.2    0.7 
      0 2017   79  10688    7.0   14.6  0.794    1.3    0.0 
      0 2017   80  15126    2.7   15.9  0.739    1.8    0.0 
      0 2017   81   6855    7.3   11.2  0.935    1.6    4.2 
      0 2017   82  10704    3.4   12.0  0.792    1.6    0.8 
      0 2017   83  17552    1.8   18.3  0.707    2.7    0.0 
      0 2017   84  19996    4.1   18.4  0.463    2.6    0.0 
      0 2017   85  22591    2.9   18.7  0.388    2.9    0.0 
      0 2017   86  22760    2.9   21.5  0.494    2.5    0.6 
      0 2017   87  21962    9.0   18.6  0.613    4.8    0.1 
      0 2017   88  21205    5.2   20.2  0.758    2.2    0.0 
      0 2017   89   5601    8.6   13.7  1.055    1.0    2.9 
      0 2017   90  12934    6.4   15.1  0.932    2.1    3.7 
      0 2017   91  23784    3.9   22.3  0.647    2.3    0.0 
      0 2017   92  23792    5.6   25.6  0.565    1.8    0.0 
      0 2017   93  15956   11.2   24.8  0.949    1.8    0.0 
      0 2017   94   2599   12.5   16.8  1.420    1.6    6.0 
      0 2017   95  10397   10.2   19.0  1.355    0.8    0.1 
      0 2017   96  22083    8.6   23.4  1.345    1.7    0.0 
      0 2017   97  13992   10.2   22.0  1.388    1.3    0.1 
      0 2017   98   3184   10.2   17.5  1.475    3.7    3.4 
      0 2017   99   6850   10.1   14.7  0.613    5.2    0.4 
      0 2017  100   6550    6.3   12.0  0.950    1.8    2.1 
      0 2017  101  20134    5.9   21.7  0.951    2.8    0.0 
      0 2017  102  21472    8.5   24.3  1.067    2.6    0.2 
      0 2017  103  22789   10.0   26.5  1.065    2.8    0.1 
      0 2017  104  20480   10.2   27.8  1.146    1.2    0.0 
      0 2017  105  19665   13.1   29.3  1.509    1.2    0.2 
      0 2017  106   7381   15.3   21.1  1.580    2.2    6.3 
      0 2017  107  25539   11.8   29.3  0.979    4.2    0.0 
      0 2017  108  25554   11.7   29.3  0.733    2.3    0.0 
      0 2017  109  16705   13.6   27.6  1.113    2.6    0.1 
      0 2017  110  24695    8.5   26.7  0.758    3.2    0.0 
      0 2017  111  24336   10.8   23.7  0.564    2.7    0.0 
      0 2017  112  26538    8.2   26.0  0.582    3.2    0.0 
      0 2017  113  25343   10.8   31.0  0.814    3.1    0.0 
      0 2017  114  19972   15.9   27.0  1.116    3.1    0.0 
      0 2017  115   9933   14.8   20.3  0.597    5.3    0.0 
      0 2017  116  21883    9.1   22.1  0.446    2.7    0.0 
      0 2017  117  26922    8.5   26.0  0.525    1.8    0.0 
      0 2017  118  27318   10.7   31.5  0.457    2.4    0.0 
      0 2017  119  26744   13.6   33.8  0.595    2.6    0.0 
      0 2017  120  23543   15.1   35.4  0.857    2.6    0.0 
      0 2017  121  22068   20.5   28.9  1.052    4.3    0.0 
      0 2017  122  24959   15.9   30.1  1.299    2.9    0.0 
      0 2017  123   3273   15.7   19.6  1.528    1.7   14.9 
      0 2017  124  26762   11.4   26.4  1.357    1.4    0.0 
      0 2017  125  20603   12.1   26.7  0.960    1.9    0.0 
      0 2017  126  24116   11.4   26.9  0.845    1.8    0.0 
      0 2017  127  26462   11.1   29.7  1.017    1.9    0.0 
      0 2017  128  18874   15.0   23.8  1.355    2.2    0.2 
      0 2017  129  26106   12.1   31.0  1.387    3.4    0.0 
      0 2017  130  25230   17.2   35.0  1.025    2.8    0.0 
      0 2017  131  16839   19.2   33.9  1.340    2.9    0.0 
      0 2017  132  27078   14.9   34.1  1.213    2.7    0.0 
      0 2017  133  27022   18.6   30.9  0.997    3.8    0.0 
      0 2017  134  10202   18.2   26.3  0.914    1.6    0.0 
      0 2017  135  10550   14.7   23.9  1.191    1.8    0.3 
      0 2017  136  26675   13.1   32.4  1.257    3.0    0.0 
      0 2017  137  25820   16.1   37.7  1.381    2.1    0.9 
      0 2017  138  25945   18.5   37.0  1.477    2.3    0.0 
      0 2017  139  23240   22.8   33.8  1.577    2.2    0.3 
      0 2017  140  23497   18.6   32.0  1.591    1.8    0.0 
      0 2017  141  20564   20.2   32.3  1.769    1.8    0.0 
      0 2017  142  21027   17.6   33.8  1.865    3.1    9.8 
      0 2017  143  27228   16.3   26.4  1.346    4.0    8.2 
      0 2017  144  27389   13.4   30.3  1.174    2.1    0.0 
      0 2017  145  27118   15.9   33.5  1.194    2.6    0.0 
      0 2017  146  27978   17.8   33.9  1.367    2.2    0.0 
      0 2017  147  28366   18.5   38.2  1.177    3.2    0.0 
      0 2017  148  27409   20.7   40.1  1.271    3.6    0.0 
      0 2017  149  23655   22.5   36.5  1.553    2.5    0.0 
      0 2017  150  19386   23.4   32.6  1.623    2.3    0.0 
      0 2017  151  25110   20.9   34.9  1.845    1.4    0.0 
      0 2017  152  27857   21.3   34.9  1.790    3.4    0.0 
      0 2017  153  26870   21.1   38.4  1.537    2.6    0.0 
      0 2017  154  19896   19.2   27.0  1.209    6.2    0.2 
      0 2017  155   9877   20.6   27.1  1.273    2.4    0.1 
      0 2017  156   2249   16.7   21.8  1.663    2.9   20.7 
      0 2017  157  12746   16.4   24.4  1.607    1.9    0.3 
      0 2017  158  24264   15.2   30.5  1.740    1.6    0.0 
      0 2017  159  13573   19.5   27.9  1.861    2.2    0.3 
      0 2017  160  19141   18.2   31.5  2.018    1.5    0.0 
      0 2017  161  21815   22.5   32.6  1.842    2.0    0.4 
      0 2017  162  22923   19.2   32.4  1.786    1.6    0.0 
      0 2017  163  25263   22.1   33.6  2.079    1.6    0.2 
      0 2017  164  13425   22.1   28.6  2.058    3.4    0.3 
      0 2017  165  18917   21.0   30.2  1.909    1.8    0.0 
      0 2017  166  24474   20.7   33.5  1.725    2.2    0.0 
      0 2017  167  27290   20.8   34.2  1.628    1.8    0.0 
      0 2017  168  28307   19.4   35.0  1.476    2.1    0.0 
      0 2017  169  21846   20.9   34.2  1.592    1.8    0.0 
      0 2017  170  24095   22.3   36.3  1.654    1.6    0.0 
      0 2017  171  24201   25.7   37.6  1.888    1.9    0.1 
      0 2017  172  20492   24.0   36.1  2.255    1.8    7.2 
      0 2017  173  12503   21.2   27.2  2.494    2.0   22.2 
      0 2017  174  17465   21.9   30.2  2.557    2.1    0.8 
      0 2017  175  19131   21.5   29.0  2.277    2.4    0.7 
      0 2017  176  22268   20.6   31.0  2.080    1.0    0.2 
      0 2017  177  24278   21.2   32.7  2.097    1.4    0.2 
      0 2017  178  25908   21.4   35.1  1.984    1.3    0.0 
      0 2017  179  26820   22.7   36.2  2.050    1.6    0.0 
      0 2017  180  25060   22.9   35.8  2.084    1.7    0.0 
      0 2017  181  23807   23.8   35.5  2.173    1.5    0.0 
      0 2017  182  25753   23.8   36.2  2.172    1.4    0.2 
      0 2017  183  26573   24.1   37.1  2.032    1.4    0.0 
      0 2017  184  27832   24.3   39.1  1.947    1.4    0.0 
      0 2017  185  24528   26.0   39.4  2.340    2.1    0.0 
      0 2017  186  18083   25.7   35.9  2.593    2.2    5.4 
      0 2017  187   6680   25.1   28.7  3.049    1.5   29.7 
      0 2017  188  27713   22.5   35.1  2.739    2.4    0.0 
      0 2017  189  26907   23.6   37.1  2.739    3.0    0.0 
      0 2017  190  13352   25.7   32.6  3.271    2.2    0.0 
      0 2017  191  25122   23.6   36.7  2.901    1.7    0.0 
      0 2017  192  26997   26.4   37.6  2.814    2.5    0.0 
      0 2017  193  25684   25.2   37.0  3.018    2.8    0.0 
      0 2017  194  24808   26.1   38.4  3.133    2.1    0.0 
      0 2017  195  23195   26.3   37.6  3.080    2.1    1.4 
      0 2017  196  13365   24.5   31.9  2.817    2.4    7.6 
      0 2017  197  15425   24.2   32.4  2.884    1.3    0.1 
      0 2017  198  20080   25.0   34.2  3.052    1.6    3.1 
      0 2017  199  18574   26.1   34.4  3.200    1.8   11.7 
      0 2017  200  23084   25.8   35.3  3.174    1.6    0.0 
      0 2017  201  23598   26.8   36.8  3.282    2.4    0.1 
      0 2017  202  20772   28.0   37.5  3.386    2.6    0.5 
      0 2017  203  14199   25.9   32.0  2.992    3.3    0.6 
      0 2017  204  19882   26.9   37.1  3.261    2.2    0.3 
      0 2017  205  21720   27.6   37.5  3.407    3.4    0.6 
      0 2017  206  13676   27.0   32.7  2.793    4.6    0.8 
      0 2017  207  15516   25.7   34.7  2.987    2.6    7.8 
      0 2017  208  13195   24.0   29.7  2.512    4.1    1.8 
      0 2017  209  13074   23.8   28.6  2.232    4.4    8.5 
      0 2017  210   9452   21.5   26.2  2.016    2.3    1.4 
      0 2017  211  10757   20.9   26.9  2.423    0.9    4.0 
      0 2017  212  20613   22.5   31.5  2.567    3.4    0.2 
      0 2017  213  14179   25.6   31.9  2.841    5.5    1.1 
      0 2017  214   9509   25.6   29.8  3.142    3.7   10.0 
      0 2017  215  21854   24.1   35.7  3.288    1.4    0.2 
      0 2017  216  22028   26.0   36.9  3.254    1.2    0.0 
      0 2017  217  24353   25.0   36.9  2.983    1.3    0.0 
      0 2017  218  21909   27.2   38.8  2.971    1.1    0.4 
      0 2017  219   9183   27.4   33.0  2.867    2.3    1.6 
      0 2017  220  23097   24.5   35.3  2.650    2.1    0.0 
      0 2017  221  22754   23.0   37.5  2.351    1.2    0.3 
      0 2017  222  24140   23.8   37.2  2.441    1.7    0.0 
      0 2017  223  23175   23.8   37.8  2.947    1.7    1.1 
      0 2017  224  18340   25.0   34.3  2.959    2.1   17.4 
      0 2017  225  18047   23.7   31.4  2.590    2.3    0.9 
      0 2017  226  18639   24.2   31.9  2.635    1.9    0.1 
      0 2017  227  20228   22.9   33.8  2.680    1.4    0.8 
      0 2017  228  20755   24.6   34.8  2.745    1.8    0.1 
      0 2017  229  20153   24.0   34.4  2.823    2.0    0.4 
      0 2017  230  15813   24.7   32.3  2.915    2.9    2.7 
      0 2017  231  11349   24.2   29.7  2.742    4.1    2.9 
      0 2017  232  17668   23.0   32.3  2.509    2.3    0.0 
      0 2017  233  20391   24.6   34.3  2.689    1.5    0.2 
      0 2017  234  17111   24.7   33.5  2.818    1.9    0.4 
      0 2017  235  15008   26.3   35.3  2.910    1.8    3.2 
      0 2017  236  18938   26.1   36.0  2.541    1.5    0.0 
      0 2017  237   7076   24.7   31.2  2.368    1.3    0.7 
      0 2017  238   8648   22.0   29.3  1.933    2.5    1.2 
      0 2017  239  12569   22.3   30.7  2.085    3.0    0.0 
      0 2017  240   5595   20.6   25.9  1.945    3.5    3.5 
      0 2017  241   2740   17.9   22.4  1.901    2.8   13.9 
      0 2017  242   5001   16.7   20.8  1.900    1.7   17.0 
      0 2017  243  15908   15.8   25.4  2.062    1.5    0.0 
      0 2017  244  12299   19.0   25.4  2.155    1.3    0.4 
      0 2017  245   6421   18.2   23.4  1.992    1.3    3.0 
      0 2017  246  11654   17.6   26.3  1.853    1.7    0.3 
      0 2017  247   5573   21.1   25.0  2.205    1.3    3.8 
      0 2017  248   4860   20.2   24.7  2.506    1.7    3.3 
      0 2017  249  19376   19.5   29.3  2.336    2.0    0.5 
      0 2017  250  22131   17.9   32.8  2.118    2.0    0.0 
      0 2017  251  11988   20.6   29.8  2.066    1.3    0.0 
      0 2017  252  11986   19.2   27.5  1.880    1.2    2.1 
      0 2017  253   7929   18.2   24.0  2.093    1.0   15.3 
      0 2017  254  20205   17.5   29.7  2.200    1.2    0.0 
      0 2017  255  21774   18.0   30.8  2.082    1.4    0.0 
      0 2017  256  19102   17.7   30.0  2.035    1.6    0.0 
      0 2017  257  19928   17.8   28.3  1.840    1.6    0.0 
      0 2017  258  21043   18.0   29.3  1.711    1.1    0.0 
      0 2017  259  16153   18.9   29.8  1.573    1.7    0.1 
      0 2017  260  19502   17.2   30.4  1.748    1.3    0.0 
      0 2017  261  19565   19.2   33.1  1.905    2.5    0.0 
      0 2017  262  14406   19.7   33.2  1.582    2.0    0.0 
      0 2017  263  20908   19.9   32.1  1.394    2.4    0.0 
      0 2017  264  19325   19.2   31.7  1.910    2.2    0.3 
      0 2017  265  16999   18.6   32.4  1.885    1.9    0.0 
      0 2017  266  18059   20.6   32.6  1.983    1.9    0.0 
      0 2017  267  14329   20.0   29.9  2.154    1.6    0.2 
      0 2017  268   1402   21.2   23.4  2.379    1.9    5.6 
      0 2017  269   4265   20.9   24.6  2.333    0.9    3.7 
      0 2017  270   4609   18.1   22.8  1.700    2.8    1.8 
      0 2017  271  19530   13.5   25.1  1.500    2.5    0.0 
      0 2017  272  12978   16.1   27.0  1.714    2.4    0.0 
      0 2017  273  15099   14.5   26.1  1.878    1.5    7.2 
      0 2017  274  10258   17.0   26.5  2.063    1.9    2.9 
      0 2017  275  12169   16.6   25.8  1.850    4.5    0.1 
      0 2017  276   2106   12.2   16.5  1.234    4.6    9.7 
      0 2017  277   3543   11.8   13.3  1.194    1.1    8.2 
      0 2017  278   7631   11.7   16.6  1.252    1.2    0.0 
      0 2017  279  15515   11.5   21.3  1.451    2.1    0.0 
      0 2017  280   5335   15.8   20.2  1.690    1.7    0.8 
      0 2017  281   3139   16.7   18.6  1.787    3.4    6.4 
      0 2017  282   2297   15.8   18.2  1.647    3.3    5.9 
      0 2017  283   2737   11.1   15.9  1.244    3.2    3.1 
      0 2017  284   7306    8.9   15.8  1.164    1.7    2.5 
      0 2017  285  12514   10.8   18.1  1.261    2.5    1.9 
      0 2017  286  13667    9.7   19.1  1.310    1.3    0.0 
      0 2017  287   9155   11.9   19.6  1.294    1.7    0.0 
      0 2017  288   6379   11.8   18.9  1.305    1.5    0.1 
      0 2017  289   4716   13.7   18.5  1.358    1.9    0.2 
      0 2017  290   1655   12.8   15.5  1.417    1.7    8.0 
      0 2017  291   8975   11.8   18.5  1.315    1.9    0.0 
      0 2017  292  13348   12.4   20.7  1.403    0.9    0.0 
      0 2017  293  15143   11.9   22.4  1.428    1.7    0.0 
      0 2017  294  13290   10.9   23.7  1.470    1.3    0.0 
      0 2017  295  12057   12.1   20.7  1.433    2.3    0.0 
      0 2017  296   9524   12.2   18.4  1.146    2.1    0.2 
      0 2017  297  14755    8.8   19.1  1.113    1.3    0.0 
      0 2017  298   6624   11.1   18.7  1.277    1.1    0.0 
      0 2017  299  13863   10.1   22.5  1.388    2.0    0.0 
      0 2017  300  14963   10.3   24.6  1.249    1.4    0.0 
      0 2017  301  14567   11.1   24.7  1.166    2.7    0.1 
      0 2017  302  15183    5.8   15.5  0.451    3.7    0.0 
      0 2017  303  14811    5.6   17.5  0.557    2.2    0.0 
      0 2017  304   6264    8.8   17.6  0.914    2.3    0.3 
      0 2017  305   7581   11.8   20.2  1.317    1.3    0.0 
      0 2017  306  14119    9.5   26.0  1.074    2.4    0.0 
      0 2017  307  12185   10.7   17.6  0.851    3.8    0.0 
      0 2017  308  13043    7.7   16.4  0.716    2.1    0.0 
      0 2017  309  12619    6.6   17.5  0.741    2.1    0.0 
      0 2017  310  13147    8.0   22.2  0.982    2.1    0.0 
      0 2017  311  13094    9.8   25.6  1.042    1.5    0.0 
      0 2017  312  13112    7.2   21.6  0.911    1.7    0.0 
      0 2017  313  10781   10.2   20.8  1.178    1.9    2.5 
      0 2017  314  13488   10.4   17.5  0.688    2.4    0.3 
      0 2017  315  11514    4.6   13.4  0.412    2.0    0.0 
      0 2017  316   9323    5.2   16.2  0.620    2.5    0.0 
      0 2017  317  12252    4.8   20.2  0.704    1.9    0.0 
      0 2017  318  12298    4.8   14.2  0.454    2.0    0.0 
      0 2017  319  12605    1.9   14.3  0.368    2.5    0.0 
      0 2017  320  10864    4.6   14.8  0.492    1.5    0.0 
      0 2017  321   7930    5.1   13.4  0.498    4.4    0.0 
      0 2017  322  12390    0.2    6.3  0.172    3.2    0.0 
      0 2017  323   3475   -0.0    7.9  0.452    2.4    0.2 
      0 2017  324  12140   -1.7   13.2  0.461    1.5    0.0 
      0 2017  325  10732    0.2   15.8  0.439    2.8    0.0 
      0 2017  326  10394    1.6   13.6  0.266    2.3    0.0 
      0 2017  327  11797    0.4   13.4  0.216    2.9    0.0 
      0 2017  328  12007   -2.0   10.5  0.255    2.2    0.0 
      0 2017  329  11988    0.9   17.3  0.283    3.3    0.0 
      0 2017  330  11613    0.9   11.9  0.351    2.9    0.0 
      0 2017  331   9323   -0.0   12.1  0.470    1.8    0.0 
      0 2017  332  11351    2.0   18.3  0.435    2.4    0.0 
      0 2017  333   5142    0.4    7.9  0.187    3.9    0.0 
      0 2017  334  11248   -2.2    6.5  0.229    2.3    0.0 
      0 2017  335  11175   -2.3    8.5  0.328    1.6    0.0 
      0 2017  336  10848   -1.3   13.9  0.492    2.9    0.0 
      0 2017  337   9458   -0.3   13.3  0.485    2.0    0.0 
      0 2017  338  10978   -1.2    9.1  0.459    1.8    0.0 
      0 2017  339  11328   -4.3   11.1  0.257    2.2    0.0 
      0 2017  340  11260   -2.7   14.0  0.203    2.0    0.0 
      0 2017  341  10988   -3.6   11.8  0.253    1.7    0.0 
      0 2017  342  11183   -4.4   11.4  0.162    2.8    0.0 
      0 2017  343  10650   -1.9   14.2  0.170    3.3    0.0 
      0 2017  344  10963   -2.1   13.6  0.146    2.3    0.0 
      0 2017  345   8998   -3.5   12.0  0.198    2.6    0.0 
      0 2017  346   8687   -2.1    3.9  0.210    3.0    0.0 
      0 2017  347   5320   -1.5    3.4  0.221    4.2    0.1 
      0 2017  348   3212   -0.7    2.4  0.456    1.8    2.0 
      0 2017  349  10015   -2.5    8.9  0.524    2.0    0.0 
      0 2017  350  11167   -4.5    6.9  0.251    1.6    0.0 
      0 2017  351  11014   -5.8    8.7  0.149    2.5    0.0 
      0 2017  352  10902   -4.7   12.2  0.142    2.0    0.0 
      0 2017  353  10788   -4.6   10.8  0.173    2.5    0.0 
      0 2017  354  10713    0.3   13.8  0.162    2.2    0.0 
      0 2017  355  10718   -1.8   13.4  0.231    1.9    0.0 
      0 2017  356   8586   -0.6   13.6  0.260    1.9    0.0 
      0 2017  357   8995   -1.3   13.8  0.290    1.7    0.0 
      0 2017  358  10916    1.5   12.3  0.201    3.0    0.0 
      0 2017  359  10680   -3.1   10.2  0.206    2.3    0.0 
      0 2017  360  10541   -2.6   10.1  0.227    2.5    0.0 
      0 2017  361  10683   -2.1   10.1  0.300    1.6    0.0 
      0 2017  362  10458   -0.6    9.8  0.387    2.2    0.0 
      0 2017  363   9680   -0.4   11.1  0.451    1.6    0.1 
      0 2017  364  10769   -1.6   14.1  0.358    2.6    0.2 
      0 2017  365  11109   -4.8   10.3  0.192    1.4    0.0 
