*---------------------------------------------------------------------------*
*Station name: 35.135916 113.763737
* Column  Daily value
* 1       station number
* 2       year
* 3       day
* 4       irradiation                   (kJ m-2 d-1)
* 5       minimum temperature           (degrees Celsius)
* 6       maximum temperature           (degrees Celsius)
* 7       early morning vapour pressure (kPa)
* 8       mean wind speed (height: 2 m) (m s-1)
* 9       precipitation                 (mm d-1)
*
* era5
* Created by era2cabo, by Alex 
* File created: 2019-05-08 18:57:56.011175
** WCCFORMAT=2
*---------------------------------------------------------------------------*
113.763737  35.135916  50.000000  -0.180000  -0.550000 
      0 2009    1  11352   -4.6    2.8  0.170    1.4    0.0 
      0 2009    2  10316   -4.2    5.1  0.200    1.5    0.0 
      0 2009    3   7757   -4.5    4.4  0.265    1.5    0.0 
      0 2009    4  10949   -4.4    5.2  0.262    2.2    0.0 
      0 2009    5   7934   -4.2    4.1  0.304    1.8    0.0 
      0 2009    6  10492   -4.0    5.8  0.368    0.7    0.0 
      0 2009    7  10886   -2.2    6.9  0.385    1.9    0.0 
      0 2009    8  11758   -4.3    9.5  0.269    2.2    0.0 
      0 2009    9  12044   -6.3    4.1  0.262    1.4    0.0 
      0 2009   10  12181   -7.5    8.0  0.210    2.8    0.0 
      0 2009   11  12146   -5.9    2.5  0.155    3.5    0.0 
      0 2009   12  12484   -6.8    5.2  0.157    1.5    0.0 
      0 2009   13  12537   -7.3    8.5  0.157    2.7    0.0 
      0 2009   14  12557   -5.0    2.9  0.161    3.3    0.0 
      0 2009   15  12594   -6.2    6.6  0.204    2.7    0.0 
      0 2009   16   9873   -5.7    6.6  0.218    1.4    0.0 
      0 2009   17  12571   -6.3    9.7  0.234    2.0    0.0 
      0 2009   18  12904   -4.2   11.5  0.233    2.3    0.0 
      0 2009   19   6901   -3.7    8.3  0.321    1.5    0.1 
      0 2009   20   7787   -1.4   12.3  0.498    1.9    0.0 
      0 2009   21  13129   -1.2   16.4  0.324    3.2    0.0 
      0 2009   22  11501   -4.5    6.7  0.257    4.1    0.0 
      0 2009   23  14088   -7.3   -0.5  0.049    3.2    0.0 
      0 2009   24  14041   -6.7    5.1  0.063    4.3    0.0 
      0 2009   25  13828   -5.8    8.8  0.082    3.0    0.0 
      0 2009   26  13976   -5.9    9.4  0.113    2.5    0.0 
      0 2009   27  13732   -3.4   12.9  0.263    2.1    0.0 
      0 2009   28  11643    0.4   14.3  0.400    1.9    0.0 
      0 2009   29  12966   -1.1   13.5  0.374    1.9    0.0 
      0 2009   30  13841   -2.3   11.2  0.397    2.0    0.0 
      0 2009   31  12912   -1.6   10.6  0.522    1.8    0.0 
      0 2009   32   9071    1.8    9.4  0.582    1.2    0.0 
      0 2009   33   8625    0.8   10.2  0.581    1.6    0.0 
      0 2009   34  11130    1.0    8.8  0.489    1.6    0.0 
      0 2009   35  14293   -2.1   13.2  0.533    2.6    0.0 
      0 2009   36  11569    0.3   13.8  0.638    2.4    0.0 
      0 2009   37   9903    6.4   13.9  0.761    1.5    0.0 
      0 2009   38   5343    6.3   13.6  0.874    2.1    1.8 
      0 2009   39   2937    3.8    8.7  0.794    2.0    9.8 
      0 2009   40  15372    1.3   17.3  0.678    2.7    0.0 
      0 2009   41  15537    2.2   21.7  0.651    2.8    0.0 
      0 2009   42  14782    1.8   19.0  0.764    2.4    0.0 
      0 2009   43   4346    9.8   16.3  1.042    3.3    3.3 
      0 2009   44   9823    6.3   14.8  0.872    1.5    0.0 
      0 2009   45  12242    6.9   17.5  0.834    2.3    0.0 
      0 2009   46   9408    3.1    9.9  0.406    4.2    0.0 
      0 2009   47   8321    1.0    7.9  0.534    2.3    0.8 
      0 2009   48   9655    1.4    7.7  0.536    2.4    0.1 
      0 2009   49   5394    1.2    6.6  0.598    2.4    3.4 
      0 2009   50  11907    0.6   13.4  0.527    2.3    0.7 
      0 2009   51  17897   -3.6    8.6  0.238    2.5    0.0 
      0 2009   52  16821    1.4   14.5  0.530    2.1    0.0 
      0 2009   53  15447    3.6   10.8  0.428    4.8    0.0 
      0 2009   54   9952    1.2    9.7  0.526    1.8    0.0 
      0 2009   55   4596    2.4    8.5  0.687    2.8    2.1 
      0 2009   56   9727    0.8    6.8  0.450    4.2    0.7 
      0 2009   57   4589    0.6    3.3  0.605    1.2    3.1 
      0 2009   58  12767   -0.7   10.3  0.695    1.5    0.0 
      0 2009   59  12499    1.3   11.8  0.719    1.1    0.0 
      0 2009   60  13776    1.9   12.9  0.629    3.1    0.0 
      0 2009   61   5028   -0.7    6.2  0.461    3.6    3.6 
      0 2009   62  16339   -2.2   10.4  0.593    2.9    0.0 
      0 2009   63   9700   -0.9    8.8  0.643    1.7    0.1 
      0 2009   64  19705   -1.7   15.8  0.517    2.4    0.0 
      0 2009   65  18317   -0.0   10.7  0.341    2.4    0.0 
      0 2009   66  18891    0.3   15.5  0.496    2.7    0.0 
      0 2009   67  17043    1.7   20.7  0.661    2.0    0.0 
      0 2009   68  20323    0.5   17.3  0.454    3.8    0.0 
      0 2009   69  13157    5.2   12.4  0.319    5.1    0.5 
      0 2009   70  11012    5.6   13.3  0.565    2.6    1.3 
      0 2009   71   7646    6.8   12.9  0.915    1.2    6.8 
      0 2009   72  20943   -0.1   11.4  0.420    2.7    0.0 
      0 2009   73  21222   -3.1   15.1  0.425    3.2    0.0 
      0 2009   74  21405    3.6   23.8  0.539    3.6    0.0 
      0 2009   75  19858    5.2   24.4  0.660    2.6    0.0 
      0 2009   76  21310    7.1   27.1  0.891    2.9    0.0 
      0 2009   77  21271    8.3   28.0  1.105    2.1    0.0 
      0 2009   78  20621   10.9   20.1  0.846    5.1    0.0 
      0 2009   79   6715   11.5   16.0  0.709    2.0    0.1 
      0 2009   80  15949   11.3   23.9  1.219    2.2    1.3 
      0 2009   81  20526    8.9   16.7  0.689    4.2    0.8 
      0 2009   82  20377    8.0   18.2  0.751    2.7    0.0 
      0 2009   83  14073    4.4   11.8  0.690    4.8    0.2 
      0 2009   84  22879    0.8   16.8  0.569    3.5    0.0 
      0 2009   85  21441    3.3   17.4  0.624    3.9    0.0 
      0 2009   86  10344   10.0   14.9  0.472    2.3    0.0 
      0 2009   87  19354    4.8   18.6  0.706    3.1    0.0 
      0 2009   88  20323    5.9   17.9  0.730    2.9    0.0 
      0 2009   89  17443    6.4   13.2  0.537    4.5    0.0 
      0 2009   90  13059    4.2   12.3  0.547    2.1    0.1 
      0 2009   91  18645    4.9   14.1  0.588    1.7    0.0 
      0 2009   92  11897    2.9   12.9  0.596    1.9    0.3 
      0 2009   93  19052    3.5   16.6  0.811    1.9    0.3 
      0 2009   94  20898    5.4   21.9  0.916    1.7    0.0 
      0 2009   95  21730    7.1   21.7  1.047    0.9    0.1 
      0 2009   96  24343    6.5   25.0  0.742    1.8    0.0 
      0 2009   97  21510    9.2   25.4  0.728    1.6    0.0 
      0 2009   98  23863    9.1   25.9  0.972    2.2    0.0 
      0 2009   99  24509    9.6   25.5  0.840    2.3    0.0 
      0 2009  100  14220   10.2   22.4  0.971    1.7    0.6 
      0 2009  101  21662   12.1   26.9  1.272    1.4    0.0 
      0 2009  102  20239   13.4   27.5  1.440    1.4    0.0 
      0 2009  103  20911   13.5   29.9  1.313    1.8    0.0 
      0 2009  104  20193   16.7   27.5  1.552    2.8    0.0 
      0 2009  105  19374   11.4   23.2  1.100    6.1    0.2 
      0 2009  106  25601    5.5   19.4  0.621    2.1    0.0 
      0 2009  107  19093    8.9   23.3  1.100    1.9    0.0 
      0 2009  108  14080   11.7   24.1  1.491    0.8    2.8 
      0 2009  109   2411   14.1   18.2  1.695    2.8   43.4 
      0 2009  110  24155   11.1   25.0  1.311    1.5    0.1 
      0 2009  111  25970    6.8   21.8  0.994    2.4    0.0 
      0 2009  112  16115   12.9   20.9  1.206    2.3    0.6 
      0 2009  113  19063   13.8   21.4  1.364    2.1    0.5 
      0 2009  114  23327   11.1   23.0  1.127    2.0    0.0 
      0 2009  115  26775    8.3   21.2  0.801    2.0    0.0 
      0 2009  116  25591    9.0   21.6  0.856    2.1    0.0 
      0 2009  117  25292    9.6   26.8  1.034    3.3    0.0 
      0 2009  118  24708   11.8   28.7  1.221    2.6    0.0 
      0 2009  119  26219   13.1   25.3  1.318    2.5    0.0 
      0 2009  120  22970   14.8   26.3  1.540    2.1    0.0 
      0 2009  121  16748   14.9   27.9  1.629    2.6    0.0 
      0 2009  122  23435   14.6   27.2  1.409    1.7    0.0 
      0 2009  123  24881   12.8   28.9  1.268    2.5    0.6 
      0 2009  124  26566   14.2   28.4  1.235    2.5    0.0 
      0 2009  125  25976   13.3   27.6  1.200    1.9    0.0 
      0 2009  126  26445   13.7   28.7  1.387    2.0    0.0 
      0 2009  127  26441   14.3   30.7  1.395    2.3    0.0 
      0 2009  128  21101   17.7   31.8  1.780    3.1    0.0 
      0 2009  129  10426   21.2   26.0  2.402    2.0   12.9 
      0 2009  130   9028   14.5   22.0  1.474    4.9   13.8 
      0 2009  131  11250   14.5   22.4  1.639    0.7    7.7 
      0 2009  132  25843   14.4   28.9  1.560    2.6    0.0 
      0 2009  133  16053   17.4   25.8  1.832    1.8    2.3 
      0 2009  134   3282   13.7   19.5  1.504    2.8    8.4 
      0 2009  135   5008   12.8   16.4  1.427    0.9    9.6 
      0 2009  136  25364   11.2   25.9  1.713    2.0    0.0 
      0 2009  137  25533   10.5   26.2  1.321    2.1    0.0 
      0 2009  138  22610   14.4   29.9  1.380    3.0    0.0 
      0 2009  139  24895   13.7   29.6  1.511    2.3    0.0 
      0 2009  140  25820   17.7   28.2  1.480    2.6    0.0 
      0 2009  141  23943   15.3   28.6  1.819    1.7    0.0 
      0 2009  142  10664   15.2   23.5  1.773    1.9    5.6 
      0 2009  143  28612   11.8   28.4  1.222    2.3    0.0 
      0 2009  144  25119   15.2   29.1  1.262    1.9    0.0 
      0 2009  145  14086   15.4   24.5  1.533    2.3    0.1 
      0 2009  146  26877   11.8   26.6  1.435    1.4    0.0 
      0 2009  147  12203   15.8   25.3  1.621    1.8    1.8 
      0 2009  148   2802   16.4   20.1  1.950    1.6    2.0 
      0 2009  149  26915   14.4   29.8  1.670    2.6    0.0 
      0 2009  150  28451   15.0   29.8  0.975    2.1    0.0 
      0 2009  151  28321   14.6   33.0  0.950    2.9    0.0 
      0 2009  152  26848   17.1   34.6  1.108    3.3    0.0 
      0 2009  153  28825   17.9   35.6  1.155    2.7    0.0 
      0 2009  154  27952   19.0   34.9  1.326    2.5    0.1 
      0 2009  155  26073   19.5   33.9  1.451    1.6    0.0 
      0 2009  156  26809   19.0   37.5  1.199    1.7    0.0 
      0 2009  157   9665   20.2   26.5  1.767    3.5    6.2 
      0 2009  158  23113   16.7   30.9  2.051    2.1    5.2 
      0 2009  159   7988   19.5   24.1  2.261    1.3   31.6 
      0 2009  160  22887   16.7   29.4  2.198    1.6    0.0 
      0 2009  161  27608   17.7   31.2  1.718    1.5    0.0 
      0 2009  162  24475   18.8   34.4  1.460    2.9    0.0 
      0 2009  163  26379   18.4   32.2  1.345    2.9    0.0 
      0 2009  164  27232   17.5   33.2  1.471    1.5    0.0 
      0 2009  165  24667   20.9   33.9  1.897    2.4    0.8 
      0 2009  166  22095   20.9   33.0  2.216    2.0    0.3 
      0 2009  167  24897   23.0   36.7  2.192    2.1    0.0 
      0 2009  168  22894   22.8   33.6  2.155    3.0    0.2 
      0 2009  169  13538   23.6   31.7  2.418    1.5    2.3 
      0 2009  170  14958   24.1   31.8  2.979    1.9    4.4 
      0 2009  171  28494   22.1   33.5  1.959    1.8    0.0 
      0 2009  172  28849   19.0   37.0  1.706    2.6    0.0 
      0 2009  173  29272   21.8   33.3  1.259    3.1    0.0 
      0 2009  174  28320   22.0   36.8  1.417    3.0    0.0 
      0 2009  175  29475   19.8   39.9  1.432    1.4    0.0 
      0 2009  176  28343   23.2   41.1  1.501    2.3    0.0 
      0 2009  177  25793   27.7   38.5  1.976    2.1    0.1 
      0 2009  178  22418   25.4   39.4  2.405    1.5    0.7 
      0 2009  179  15899   24.5   36.6  2.051    2.5    0.4 
      0 2009  180  23590   21.7   38.0  1.700    2.1    0.0 
      0 2009  181  28056   23.7   37.1  1.925    2.8    0.0 
      0 2009  182  26407   22.7   36.2  2.055    2.0    0.0 
      0 2009  183  25128   22.9   36.3  1.886    1.9    0.0 
      0 2009  184  27953   23.5   37.5  1.781    1.9    0.0 
      0 2009  185  26888   24.6   37.1  1.807    2.8    0.0 
      0 2009  186  17743   24.7   35.2  2.300    1.6    2.4 
      0 2009  187  21436   25.2   34.8  2.890    1.3    0.9 
      0 2009  188  21330   26.2   34.8  2.814    2.9    0.9 
      0 2009  189   8387   21.4   31.8  2.998    2.4   31.7 
      0 2009  190  22421   20.5   29.8  2.282    1.7    8.3 
      0 2009  191   8214   22.4   27.9  2.615    1.3    0.4 
      0 2009  192  23626   21.8   29.8  2.305    0.8    1.5 
      0 2009  193  25857   22.0   32.7  2.587    2.0    0.0 
      0 2009  194   6546   22.4   26.0  2.580    1.4   21.6 
      0 2009  195  24532   20.5   31.3  2.722    1.4    0.0 
      0 2009  196  25476   22.6   32.3  2.759    1.3    0.0 
      0 2009  197  14254   25.1   32.7  3.237    1.6    2.8 
      0 2009  198  20482   26.5   35.1  3.383    1.8    0.6 
      0 2009  199  19109   23.8   31.0  2.680    2.5    0.0 
      0 2009  200  22211   22.8   32.4  2.908    1.4    0.0 
      0 2009  201  13563   27.1   35.0  3.450    1.8    6.3 
      0 2009  202  18821   26.0   33.5  3.253    2.6    0.3 
      0 2009  203   8666   25.3   29.0  3.044    1.4    9.7 
      0 2009  204  25691   23.1   32.6  2.751    1.3    0.0 
      0 2009  205  10234   23.5   29.0  2.762    2.5    9.7 
      0 2009  206  16252   22.4   27.8  2.368    3.3    0.2 
      0 2009  207  23879   19.0   29.5  2.217    1.4    0.0 
      0 2009  208  21860   21.5   30.3  2.341    1.3    0.0 
      0 2009  209  25933   19.8   31.3  2.273    1.2    0.0 
      0 2009  210  22199   20.8   30.9  2.553    1.4    0.2 
      0 2009  211  19232   22.5   30.5  2.695    1.6    0.8 
      0 2009  212  18550   23.4   30.8  2.626    2.1    0.4 
      0 2009  213  21391   22.0   32.1  2.735    1.3    0.1 
      0 2009  214  17657   23.5   31.8  2.853    1.5    0.5 
      0 2009  215  16587   24.3   31.5  2.602    2.5    1.0 
      0 2009  216   9296   22.8   28.3  2.596    2.2    3.8 
      0 2009  217   5281   22.6   26.0  2.477    2.8    1.7 
      0 2009  218  16496   21.9   29.9  2.443    2.6    0.1 
      0 2009  219  17761   23.2   30.4  2.537    2.9    0.5 
      0 2009  220  18326   24.0   31.5  2.662    3.5    0.3 
      0 2009  221  20801   23.9   32.9  2.713    1.7    0.3 
      0 2009  222  15464   24.8   32.8  2.707    2.0    1.2 
      0 2009  223  24548   22.2   36.0  2.152    2.0    0.0 
      0 2009  224  26620   21.1   38.5  1.653    1.3    0.0 
      0 2009  225  26494   21.9   37.0  1.773    1.4    0.0 
      0 2009  226  24886   21.9   36.8  2.025    1.8    0.0 
      0 2009  227  24439   23.2   37.0  2.341    1.6    0.0 
      0 2009  228  21301   25.0   36.2  2.535    1.8    0.3 
      0 2009  229   4582   23.4   29.0  2.712    3.4   49.2 
      0 2009  230  10712   23.7   28.9  2.513    2.6    1.5 
      0 2009  231  18978   23.9   32.6  2.732    2.6    4.0 
      0 2009  232  21076   25.2   31.1  2.425    3.0    0.0 
      0 2009  233   6179   20.5   25.6  1.986    4.6    7.4 
      0 2009  234   9423   18.8   23.4  1.866    3.0    6.7 
      0 2009  235  19933   18.4   27.8  2.158    1.1    0.0 
      0 2009  236  14056   20.5   28.9  2.418    1.2    0.0 
      0 2009  237  15476   22.1   31.5  2.801    1.5    0.3 
      0 2009  238  14511   22.6   31.1  2.860    1.4   17.4 
      0 2009  239  23763   21.2   33.6  2.455    1.9    0.0 
      0 2009  240  15579   22.3   29.3  2.271    4.8    2.1 
      0 2009  241   5765   14.2   22.7  1.689    5.0   33.7 
      0 2009  242  23343   13.1   24.1  1.666    1.8    0.0 
      0 2009  243  23634   15.8   26.5  1.832    2.1    0.0 
      0 2009  244  21284   15.3   27.0  1.935    1.4    0.0 
      0 2009  245  15027   19.5   26.9  2.254    1.4    0.8 
      0 2009  246  13338   20.6   27.6  2.589    2.1    6.0 
      0 2009  247  12036   22.6   29.8  2.860    1.5    6.7 
      0 2009  248  13767   23.4   30.2  2.895    2.5    4.2 
      0 2009  249   7721   17.2   24.9  2.200    5.5    2.9 
      0 2009  250   5417   16.2   18.2  1.422    4.7    1.9 
      0 2009  251   8812   16.1   20.3  1.426    2.9    0.3 
      0 2009  252  13505   15.8   22.4  1.619    1.1    0.4 
      0 2009  253  14773   15.4   23.8  1.733    1.0    2.4 
      0 2009  254   6054   16.6   22.6  1.930    1.2    1.1 
      0 2009  255  17576   16.1   25.8  1.379    2.2    0.0 
      0 2009  256   2614   17.3   19.8  1.708    1.9    6.4 
      0 2009  257   8547   16.9   24.2  1.988    2.3    4.0 
      0 2009  258  20517   14.8   26.8  2.009    1.0    0.0 
      0 2009  259  12957   17.4   24.6  1.840    1.6    1.2 
      0 2009  260  14641   17.2   25.9  2.020    1.9    5.6 
      0 2009  261   2460   18.5   22.0  2.192    2.5    2.9 
      0 2009  262   2449   18.3   21.6  2.037    2.1   13.2 
      0 2009  263   8874   15.0   19.9  1.720    1.9    8.3 
      0 2009  264  22054    9.7   25.3  1.139    1.8    0.0 
      0 2009  265  21480   11.5   26.1  1.192    1.6    0.0 
      0 2009  266  20679   13.5   26.6  1.521    1.3    0.0 
      0 2009  267   5893   17.1   24.6  1.943    1.5    1.1 
      0 2009  268  18923   13.8   27.5  1.851    1.1    0.0 
      0 2009  269  12771   17.7   26.4  1.968    1.6    0.0 
      0 2009  270  15785   17.1   27.4  1.997    1.5    0.0 
      0 2009  271  17082   15.9   27.1  1.977    1.6    0.1 
      0 2009  272  16789   16.6   27.2  1.963    1.3    0.5 
      0 2009  273  19370   15.6   27.5  1.664    1.4    0.0 
      0 2009  274  16187   15.4   28.7  1.678    1.5    0.0 
      0 2009  275  16002   16.6   27.5  1.616    1.8    0.0 
      0 2009  276  18864   13.1   27.3  1.237    1.9    0.0 
      0 2009  277  18137   13.8   26.2  1.177    2.9    0.0 
      0 2009  278  19203   11.7   28.3  1.147    1.7    0.0 
      0 2009  279  18320   12.6   28.1  1.076    2.1    0.0 
      0 2009  280   5579   15.9   20.6  1.365    4.0    2.5 
      0 2009  281   5927   15.0   19.0  1.458    1.1    3.4 
      0 2009  282   8145   14.6   20.5  1.378    2.7    2.0 
      0 2009  283   7799   15.8   20.6  1.265    2.9    0.0 
      0 2009  284   4829   15.5   18.6  1.377    1.3    0.1 
      0 2009  285  11454   13.8   21.6  1.466    2.3    1.9 
      0 2009  286  17673   10.4   24.6  1.131    1.9    0.0 
      0 2009  287  16683    8.1   22.9  0.876    2.3    0.0 
      0 2009  288  17464    8.6   26.2  0.930    2.2    0.0 
      0 2009  289  17424   12.0   26.2  0.763    4.0    0.0 
      0 2009  290  17402    6.8   24.8  0.640    2.3    0.0 
      0 2009  291  11055    9.5   27.2  0.664    3.5    0.0 
      0 2009  292  15240    7.1   21.9  0.603    2.2    0.0 
      0 2009  293  16205    9.4   27.3  0.737    2.9    0.0 
      0 2009  294  15347    9.1   25.2  0.741    1.7    0.0 
      0 2009  295  15920   11.0   28.6  0.871    1.7    0.0 
      0 2009  296  16018    9.9   27.9  0.821    1.5    0.0 
      0 2009  297  11746   12.3   24.8  0.984    0.8    0.0 
      0 2009  298  15269   10.9   25.5  1.003    1.3    0.0 
      0 2009  299  10299   11.7   25.0  1.137    1.3    0.0 
      0 2009  300  14692   12.2   24.5  1.163    1.7    0.0 
      0 2009  301  14423   12.2   26.1  1.217    1.5    0.0 
      0 2009  302  13499   14.3   26.6  1.352    1.2    0.0 
      0 2009  303  10548   14.3   24.3  1.425    2.5    0.3 
      0 2009  304   3096   10.4   16.4  1.086    2.0   15.3 
      0 2009  305  14481    3.8   20.7  0.829    3.2    0.0 
      0 2009  306  14758    0.4    8.1  0.400    2.5    0.0 
      0 2009  307  13817    0.7   13.6  0.502    3.4    0.0 
      0 2009  308  14029    6.0   21.6  0.748    2.2    0.0 
      0 2009  309  14345    3.8   22.0  0.667    1.9    0.0 
      0 2009  310  13871    7.1   25.4  0.883    2.3    0.0 
      0 2009  311  12413   12.4   25.6  1.227    1.7    0.0 
      0 2009  312  12794   11.7   23.3  1.245    3.8    0.0 
      0 2009  313   1585    4.0   14.8  0.824    7.6    3.5 
      0 2009  314   1992    0.5    4.0  0.483    6.5    2.9 
      0 2009  315   2720   -1.3    0.6  0.485    5.8   18.2 
      0 2009  316  10724   -1.5    3.8  0.537    1.4   11.8 
      0 2009  317  12917   -4.8    7.8  0.454    1.1    0.0 
      0 2009  318  11662   -5.1    8.2  0.448    1.9    0.0 
      0 2009  319   6603   -4.2    2.2  0.328    2.5    0.2 
      0 2009  320   7170   -5.0    1.9  0.306    1.8    0.1 
      0 2009  321  12993   -6.5    5.5  0.340    1.5    0.0 
      0 2009  322   9308   -5.7    6.8  0.336    1.5    0.0 
      0 2009  323  10648   -6.1    6.0  0.362    1.7    0.0 
      0 2009  324  12354   -3.5   11.3  0.434    1.7    0.0 
      0 2009  325  12059   -4.2    9.6  0.429    2.5    0.0 
      0 2009  326  12131   -2.1   14.2  0.530    2.3    0.0 
      0 2009  327  11790   -1.8   12.5  0.625    1.7    0.0 
      0 2009  328  11626    0.9   16.9  0.724    1.8    0.0 
      0 2009  329  11596    0.2   12.9  0.599    2.1    0.0 
      0 2009  330   7632    0.8   10.5  0.627    1.6    0.0 
      0 2009  331   7007    1.5    7.5  0.608    4.4    0.0 
      0 2009  332   3742   -0.7    3.4  0.543    2.0    1.8 
      0 2009  333  10082   -2.7    9.9  0.611    2.3    0.0 
      0 2009  334  10182   -2.6   12.2  0.615    1.8    0.0 
      0 2009  335  11083   -2.4   12.0  0.609    1.2    0.0 
      0 2009  336  11010   -0.7   14.2  0.566    2.2    0.0 
      0 2009  337  11187   -3.4    9.7  0.476    1.8    0.0 
      0 2009  338  10407   -0.3   12.9  0.424    3.7    0.0 
      0 2009  339  11308   -4.9    9.7  0.332    2.1    0.0 
      0 2009  340  10690   -2.9    9.2  0.452    1.9    0.0 
      0 2009  341   3781   -1.0    7.3  0.570    1.1    0.3 
      0 2009  342   9171    0.5   10.6  0.699    1.7    0.0 
      0 2009  343  10459   -2.5    9.7  0.588    0.9    0.0 
      0 2009  344   7185   -1.0    9.7  0.690    1.1    0.0 
      0 2009  345   8068    1.8   11.1  0.695    2.7    0.0 
      0 2009  346   7223   -0.9    5.7  0.346    2.3    0.0 
      0 2009  347  10366   -2.1    7.5  0.426    1.7    0.0 
      0 2009  348   4191   -2.1    5.6  0.494    2.6    0.3 
      0 2009  349   6040   -1.2    4.3  0.488    2.5    0.4 
      0 2009  350   9227   -2.6    7.3  0.497    1.6    0.0 
      0 2009  351  10568   -5.6    4.7  0.376    1.7    0.0 
      0 2009  352  10742   -5.0    4.3  0.313    1.5    0.0 
      0 2009  353  10795   -5.7    5.0  0.284    1.4    0.0 
      0 2009  354  11142   -6.2    5.6  0.186    2.3    0.0 
      0 2009  355  11186   -4.7    7.4  0.238    3.5    0.0 
      0 2009  356  10708   -2.9   11.2  0.379    2.1    0.0 
      0 2009  357   9514   -2.7    9.2  0.444    2.0    0.0 
      0 2009  358  10503   -2.7   13.4  0.466    2.1    0.0 
      0 2009  359  11224   -4.5    5.0  0.175    2.2    0.0 
      0 2009  360   5239   -5.6    0.3  0.223    1.3    0.1 
      0 2009  361  11277   -5.2    4.0  0.196    1.9    0.0 
      0 2009  362  11012   -4.9    5.6  0.249    2.3    0.0 
      0 2009  363  10983   -3.2   11.8  0.228    2.8    0.0 
      0 2009  364  11025   -5.5    6.7  0.204    1.8    0.0 
      0 2009  365  11156   -6.3    4.1  0.216    2.3    0.0 
