*---------------------------------------------------------------------------*
*Station name: 35.135916 113.763737
* Column  Daily value
* 1       station number
* 2       year
* 3       day
* 4       irradiation                   (kJ m-2 d-1)
* 5       minimum temperature           (degrees Celsius)
* 6       maximum temperature           (degrees Celsius)
* 7       early morning vapour pressure (kPa)
* 8       mean wind speed (height: 2 m) (m s-1)
* 9       precipitation                 (mm d-1)
*
* era5
* Created by era2cabo, by Alex 
* File created: 2019-05-08 20:22:38.775476
** WCCFORMAT=2
*---------------------------------------------------------------------------*
113.763737  35.135916  50.000000  -0.180000  -0.550000 
      0 2010    1  11050   -2.0   12.7  0.391    3.0    0.0 
      0 2010    2  10939   -2.7    5.0  0.343    2.4    0.0 
      0 2010    3   8818   -4.4    3.7  0.411    2.2    0.0 
      0 2010    4   9284   -6.2    1.1  0.284    2.6    0.0 
      0 2010    5   9332   -8.2   -2.3  0.151    1.7    0.0 
      0 2010    6  11328   -8.3   -1.0  0.139    1.7    0.0 
      0 2010    7   8842   -7.3   -0.9  0.139    1.8    0.0 
      0 2010    8  11298   -9.4    1.7  0.192    1.6    0.0 
      0 2010    9  10826   -6.2    1.9  0.204    2.8    0.0 
      0 2010   10  11174   -5.3    2.4  0.219    1.4    0.0 
      0 2010   11  10694   -5.2    3.1  0.262    1.7    0.0 
      0 2010   12  12265   -6.8    5.8  0.156    3.4    0.0 
      0 2010   13  12651   -9.1    4.2  0.134    2.4    0.0 
      0 2010   14  12373   -5.3   12.4  0.225    3.0    0.0 
      0 2010   15  11788   -4.8    4.2  0.205    2.7    0.0 
      0 2010   16  12461   -4.8    7.0  0.255    2.2    0.0 
      0 2010   17  12432   -2.8   10.1  0.390    1.9    0.0 
      0 2010   18  12036   -2.8   10.2  0.558    1.7    0.0 
      0 2010   19   2594    3.6    7.4  0.648    1.5    0.8 
      0 2010   20   7049    0.7    8.7  0.565    3.6    0.0 
      0 2010   21  10842   -3.3    2.5  0.315    1.7    0.0 
      0 2010   22  13169   -4.3    6.2  0.314    1.7    0.0 
      0 2010   23  12975   -5.5    5.9  0.233    2.1    0.0 
      0 2010   24   8585   -2.5   11.8  0.280    2.6    0.0 
      0 2010   25  13440   -4.1    4.7  0.206    2.0    0.0 
      0 2010   26  10246   -2.5    7.3  0.253    1.6    0.0 
      0 2010   27  12953   -1.6   14.5  0.380    2.1    0.0 
      0 2010   28  12587    0.2   12.9  0.449    2.1    0.0 
      0 2010   29  13681   -3.3   11.1  0.391    1.4    0.0 
      0 2010   30  13968   -2.0   12.8  0.410    1.6    0.0 
      0 2010   31  13102   -3.8   11.1  0.360    2.1    0.0 
      0 2010   32  11018   -2.8    9.6  0.398    1.7    0.0 
      0 2010   33  13131   -1.3    6.9  0.334    2.6    0.0 
      0 2010   34  13090   -3.5    5.9  0.319    1.2    0.0 
      0 2010   35  14025   -4.3    8.6  0.432    1.2    0.0 
      0 2010   36   7681   -1.6    6.5  0.458    3.2    0.0 
      0 2010   37   3889   -1.3    2.9  0.449    3.6    1.6 
      0 2010   38   7781   -0.6    7.2  0.579    1.1    0.5 
      0 2010   39   5987    1.6    7.7  0.648    1.7    0.5 
      0 2010   40   4476    1.4    5.6  0.574    5.4    0.6 
      0 2010   41   3784   -2.4    1.3  0.386    7.0    6.5 
      0 2010   42  13341   -4.3    1.9  0.291    3.1    1.4 
      0 2010   43  14087   -5.2    3.0  0.286    1.7    0.0 
      0 2010   44  11456   -4.9    4.0  0.394    1.5    0.0 
      0 2010   45  12078   -3.1    4.5  0.424    1.9    0.2 
      0 2010   46  12002   -3.5    2.9  0.353    2.4    0.0 
      0 2010   47  13388   -4.3    6.2  0.454    2.3    0.0 
      0 2010   48  17436   -2.2    7.6  0.307    2.6    0.0 
      0 2010   49  17425   -5.5   10.4  0.241    3.0    0.0 
      0 2010   50  17421   -4.8   13.2  0.335    2.9    0.0 
      0 2010   51  17331   -1.8   17.5  0.476    2.8    0.0 
      0 2010   52  14503    1.6   17.1  0.582    2.0    0.0 
      0 2010   53  17137   -0.4   16.9  0.608    1.4    0.0 
      0 2010   54  17198    3.8   20.3  0.784    1.8    0.0 
      0 2010   55  12188    6.7   20.4  1.045    1.6    0.0 
      0 2010   56  10531    5.4   12.8  0.817    3.9    0.0 
      0 2010   57  15902    1.9   12.8  0.541    2.8    0.0 
      0 2010   58  16127    3.0   12.5  0.506    2.1    0.0 
      0 2010   59   1830    2.1    7.5  0.572    5.3    7.3 
      0 2010   60  17430   -1.6    6.1  0.447    3.4    0.0 
      0 2010   61  15860    0.4   12.5  0.575    2.1    0.0 
      0 2010   62   5051    2.9    6.4  0.651    1.5    1.7 
      0 2010   63  12919    1.0   10.7  0.725    2.4    0.8 
      0 2010   64   6828    2.2    6.8  0.487    4.8    0.4 
      0 2010   65  14748   -0.0    5.9  0.330    3.5    0.1 
      0 2010   66  17646   -2.8    6.0  0.338    3.3    0.0 
      0 2010   67  11145   -0.8    4.4  0.346    3.7    0.0 
      0 2010   68  20772   -4.7    5.7  0.252    2.7    0.1 
      0 2010   69  21127   -6.3   12.2  0.269    3.3    0.0 
      0 2010   70  20244   -0.6   20.0  0.567    3.3    0.0 
      0 2010   71  20220    3.8   19.4  0.588    2.9    0.0 
      0 2010   72  13700    6.6   12.1  0.406    5.1    0.0 
      0 2010   73   3246    3.6    8.8  0.579    2.5    2.0 
      0 2010   74  18374    1.4   16.1  0.582    1.2    0.0 
      0 2010   75  21162   -1.2   17.8  0.544    1.7    0.0 
      0 2010   76  19927    4.5   13.2  0.597    3.9    2.0 
      0 2010   77  16995    1.8   12.8  0.738    2.4    2.0 
      0 2010   78  20092    4.8   27.7  0.934    3.5    0.0 
      0 2010   79  22263    5.4   18.4  0.302    3.8    0.0 
      0 2010   80  15109    2.7   17.2  0.474    1.7    0.2 
      0 2010   81   8147    7.0   15.7  0.772    1.4    0.0 
      0 2010   82  18846    6.9   15.2  0.488    3.1    0.0 
      0 2010   83  16915    5.0   18.1  0.557    1.5    0.0 
      0 2010   84  22715    1.3   14.3  0.389    2.3    0.2 
      0 2010   85  22157   -0.2   17.8  0.434    2.2    0.0 
      0 2010   86  17714    6.1   20.2  0.548    3.0    0.3 
      0 2010   87  23018    4.0   17.5  0.533    2.9    0.0 
      0 2010   88   9896    6.9   17.0  0.928    1.8    0.9 
      0 2010   89  12548    9.3   17.3  1.052    1.9    0.1 
      0 2010   90  18363    5.4   22.0  1.066    1.7    0.7 
      0 2010   91  21886    7.3   16.9  0.634    2.7    0.0 
      0 2010   92  24259    1.6   20.4  0.389    2.4    0.0 
      0 2010   93  23026    4.9   21.1  0.616    3.0    0.0 
      0 2010   94  21240    6.6   25.6  0.843    2.6    0.0 
      0 2010   95  18523    9.6   28.2  1.121    1.8    0.0 
      0 2010   96  21669    8.6   16.8  0.564    4.8    0.0 
      0 2010   97  20415    7.4   19.0  0.476    2.8    0.0 
      0 2010   98  24271    6.6   23.3  0.680    3.9    0.0 
      0 2010   99  18677   10.4   22.9  0.979    2.1    0.0 
      0 2010  100  10365   13.3   17.1  0.870    5.0    0.4 
      0 2010  101   6426    7.7   13.4  0.813    3.6    0.2 
      0 2010  102   8400    4.5   13.6  0.876    1.1    0.6 
      0 2010  103  23246    0.4   12.8  0.400    1.7    0.0 
      0 2010  104  12039    4.6    9.1  0.606    2.1    1.9 
      0 2010  105  24015    2.5   17.0  0.744    3.6    0.0 
      0 2010  106  24093    6.0   22.0  0.945    2.2    0.0 
      0 2010  107  14899   10.0   21.2  1.129    2.0    0.0 
      0 2010  108  19486   10.8   24.6  1.247    2.5    0.0 
      0 2010  109  17416   11.5   24.7  1.511    1.9    0.2 
      0 2010  110  13135   13.7   21.1  1.345    5.1   13.0 
      0 2010  111   8874    8.9   14.1  0.969    6.0   14.3 
      0 2010  112  23156    6.0   22.4  0.914    2.5    0.1 
      0 2010  113  25693    4.6   19.1  0.782    2.0    0.0 
      0 2010  114  23037    7.6   21.6  0.981    2.2    0.0 
      0 2010  115  13772    9.6   20.3  1.096    2.2    0.0 
      0 2010  116  25395    8.4   22.0  0.485    5.4    0.2 
      0 2010  117  24622    4.3   22.8  0.616    3.4    0.1 
      0 2010  118  26451    7.5   20.4  0.530    2.1    0.0 
      0 2010  119  27082    4.0   24.9  0.637    2.3    0.0 
      0 2010  120  26743    8.2   24.2  0.713    1.9    0.0 
      0 2010  121  26847    9.5   30.2  0.964    2.1    0.0 
      0 2010  122  25381   14.7   34.5  1.483    3.3    0.0 
      0 2010  123  21901   20.4   33.5  1.956    2.4    0.0 
      0 2010  124  12588   20.0   29.1  1.984    2.1    2.7 
      0 2010  125  17996   17.4   29.2  1.553    3.1    0.1 
      0 2010  126  21265   15.7   25.9  0.953    2.3    0.0 
      0 2010  127  25722   11.5   31.0  1.279    3.4    0.0 
      0 2010  128  11785   15.3   24.1  1.464    2.0    0.0 
      0 2010  129  24844   13.1   28.2  0.969    2.6    0.0 
      0 2010  130  27543    8.8   28.0  0.731    3.2    0.0 
      0 2010  131  27861   12.9   25.5  0.739    4.0    0.0 
      0 2010  132  18421   14.3   25.3  1.078    2.9    0.0 
      0 2010  133  14590   15.1   24.5  1.277    2.2    0.1 
      0 2010  134  23750   13.5   25.5  1.177    1.3    0.0 
      0 2010  135  26120   12.1   25.4  1.293    2.0    0.0 
      0 2010  136   5553   16.8   20.8  1.630    1.6    9.1 
      0 2010  137  11330   16.3   23.0  1.761    1.0    0.4 
      0 2010  138  26208   16.5   26.9  1.211    3.9    0.0 
      0 2010  139  28035   13.1   30.6  1.032    3.1    0.0 
      0 2010  140  25185   12.6   31.1  1.196    1.8    0.0 
      0 2010  141   5243   17.7   23.3  1.659    1.3    0.1 
      0 2010  142  22960   16.2   28.5  1.610    1.8    0.0 
      0 2010  143  26233   14.2   29.5  1.699    2.4    0.0 
      0 2010  144  27143   17.1   32.3  1.434    2.9    0.0 
      0 2010  145  24047   18.4   31.4  1.334    2.4    0.0 
      0 2010  146  11850   20.3   27.7  1.618    2.3    0.0 
      0 2010  147   3692   17.5   22.9  1.757    2.3    3.9 
      0 2010  148  20239   17.1   27.9  1.907    2.6    1.3 
      0 2010  149  25117   16.4   32.2  1.902    1.7    0.0 
      0 2010  150  26753   17.9   32.7  1.624    2.2    0.1 
      0 2010  151  20340   19.1   28.6  1.523    2.8    0.0 
      0 2010  152  21961   19.4   27.9  1.688    1.6    0.0 
      0 2010  153  25490   17.1   30.4  1.911    2.2    0.5 
      0 2010  154  12877   18.7   23.4  2.038    2.8   16.1 
      0 2010  155  20146   18.1   26.3  2.012    0.9   10.9 
      0 2010  156  25202   17.1   28.3  1.813    1.2    0.0 
      0 2010  157  25145   16.4   28.8  1.763    1.5    0.0 
      0 2010  158  23815   18.3   29.8  1.608    2.5    0.0 
      0 2010  159   5553   20.8   24.7  1.574    2.3    0.4 
      0 2010  160   7221   17.7   23.4  1.788    2.6    9.4 
      0 2010  161  19577   17.2   25.9  1.853    1.7    0.3 
      0 2010  162  25265   15.7   29.0  1.905    0.9    0.0 
      0 2010  163  27497   17.3   32.4  2.019    1.7    0.0 
      0 2010  164  27274   19.6   33.8  1.810    1.9    0.0 
      0 2010  165  27510   20.6   34.4  1.676    2.1    0.0 
      0 2010  166  27967   21.6   36.7  1.619    2.5    0.0 
      0 2010  167  23150   24.0   35.8  1.945    2.7    0.0 
      0 2010  168  27517   22.9   38.9  2.081    1.9    0.0 
      0 2010  169  25840   22.6   34.6  2.087    4.1    0.0 
      0 2010  170  24888   21.5   34.0  1.769    1.6    0.0 
      0 2010  171  25000   21.3   36.4  1.848    1.7    0.1 
      0 2010  172  27447   22.2   37.8  1.700    2.0    0.0 
      0 2010  173  24629   25.4   38.7  1.969    2.8    0.2 
      0 2010  174  23622   24.5   33.2  2.064    4.1    0.1 
      0 2010  175  25319   23.2   33.1  2.120    3.0    0.4 
      0 2010  176  25798   23.0   33.3  2.067    2.5    0.2 
      0 2010  177  27445   21.3   34.4  2.025    1.3    0.0 
      0 2010  178  26407   23.9   35.5  1.941    1.7    0.0 
      0 2010  179  28066   22.4   37.3  1.867    1.7    0.0 
      0 2010  180  25860   25.0   38.0  2.511    2.0    0.0 
      0 2010  181  20939   27.9   37.4  3.013    2.5    1.8 
      0 2010  182  10265   25.9   33.2  3.121    2.0   23.0 
      0 2010  183  19154   24.6   32.4  2.584    2.0    4.4 
      0 2010  184  12013   25.3   30.8  2.846    1.8    1.1 
      0 2010  185  23434   24.0   35.2  3.014    1.2    0.0 
      0 2010  186  18263   26.7   35.1  2.864    0.7    0.0 
      0 2010  187  25603   23.0   37.8  2.200    1.2    0.0 
      0 2010  188  23560   25.4   38.0  2.227    1.6    0.0 
      0 2010  189  21172   25.1   34.0  2.356    2.8    0.5 
      0 2010  190  18683   24.6   33.9  2.314    2.0    0.0 
      0 2010  191  16496   23.6   30.2  2.503    2.1    7.2 
      0 2010  192  19978   22.4   32.5  2.485    1.8    0.0 
      0 2010  193  25796   22.6   33.5  2.530    2.0    0.0 
      0 2010  194  24752   23.2   34.1  2.514    1.6    0.0 
      0 2010  195  26268   23.0   34.3  2.311    1.6    0.0 
      0 2010  196   6553   22.9   27.9  2.374    1.2    2.3 
      0 2010  197  18477   22.4   31.2  2.452    2.2    0.0 
      0 2010  198   3594   23.7   26.7  2.876    1.0   19.5 
      0 2010  199  13871   21.5   29.2  2.675    1.9    1.0 
      0 2010  200  16735   23.2   28.8  2.517    2.5   89.0 
      0 2010  201  25175   19.5   30.3  2.499    1.8    0.0 
      0 2010  202  25266   22.7   32.4  2.916    1.3    0.0 
      0 2010  203  23439   22.7   32.0  2.968    1.5    0.2 
      0 2010  204  10147   24.1   29.0  2.984    1.6   14.0 
      0 2010  205  12242   24.0   29.8  2.896    2.1    4.4 
      0 2010  206  20029   24.6   31.6  2.907    1.6    0.3 
      0 2010  207  23761   23.1   32.4  3.018    1.2    0.0 
      0 2010  208  22014   23.9   32.0  3.147    1.3    1.4 
      0 2010  209  24252   25.2   33.6  3.155    1.6    0.0 
      0 2010  210  24771   26.1   35.5  3.494    1.7    0.0 
      0 2010  211  22292   26.5   35.6  3.698    1.8    0.3 
      0 2010  212  22707   28.1   35.5  3.520    2.2    2.1 
      0 2010  213  12562   25.0   29.7  2.738    5.0    6.8 
      0 2010  214  16078   24.3   30.5  2.327    2.3    0.0 
      0 2010  215  20718   24.7   34.3  3.042    1.8    0.0 
      0 2010  216  20729   27.2   37.2  3.382    1.6   10.0 
      0 2010  217  20482   24.9   34.0  2.962    1.4    2.1 
      0 2010  218  24198   25.1   31.4  2.348    4.0    0.0 
      0 2010  219  13466   24.1   30.5  2.467    1.9    0.1 
      0 2010  220  22078   24.8   33.9  3.037    1.4    0.3 
      0 2010  221  14327   25.4   32.9  3.148    2.2    9.6 
      0 2010  222  15057   25.0   32.0  2.972    3.1    2.1 
      0 2010  223  10324   25.1   31.2  2.986    1.8    1.5 
      0 2010  224   6285   26.0   30.8  3.259    1.3   11.5 
      0 2010  225  11900   25.3   32.9  3.383    1.6   12.4 
      0 2010  226   7435   23.3   30.6  2.804    2.0   10.6 
      0 2010  227  17009   18.2   30.0  2.073    1.4    0.0 
      0 2010  228  24982   19.1   31.6  2.154    0.8    0.0 
      0 2010  229  24543   20.2   31.4  2.325    1.2    0.0 
      0 2010  230  17354   22.1   31.5  2.804    1.4    8.9 
      0 2010  231  10729   24.2   30.4  3.039    3.1   30.0 
      0 2010  232   7754   23.6   27.8  2.721    3.3    9.0 
      0 2010  233  13527   23.6   30.7  2.949    1.6   10.0 
      0 2010  234   4620   20.8   25.5  2.335    2.0   19.8 
      0 2010  235   4252   20.2   24.3  2.303    1.2    0.6 
      0 2010  236   2478   18.0   20.7  1.938    0.8   30.7 
      0 2010  237   9744   17.2   24.0  2.113    1.3    5.6 
      0 2010  238  12200   19.1   25.2  2.116    2.5    0.8 
      0 2010  239  15091   18.1   26.8  2.000    1.7    1.7 
      0 2010  240  22147   15.8   27.9  1.955    1.0    0.0 
      0 2010  241  21042   18.5   29.6  2.291    1.8    0.0 
      0 2010  242  17303   21.0   29.9  2.528    1.2    0.0 
      0 2010  243  13420   20.9   28.6  2.554    1.2    0.1 
      0 2010  244  17683   20.6   28.8  2.458    1.9    0.0 
      0 2010  245  17720   21.1   28.8  2.398    2.3    0.2 
      0 2010  246  18304   19.9   28.3  2.351    1.9    0.6 
      0 2010  247  15662   20.6   27.9  2.372    2.0    0.9 
      0 2010  248   9851   21.4   27.5  2.512    2.0   13.2 
      0 2010  249   5020   22.3   25.1  2.394    3.5   21.6 
      0 2010  250   4616   21.1   23.9  2.180    5.8   18.8 
      0 2010  251   9399   19.2   24.8  1.940    4.3    1.4 
      0 2010  252  11339   16.4   25.1  2.026    1.3    3.0 
      0 2010  253  20733   17.3   28.2  2.352    1.3    0.7 
      0 2010  254  19933   18.5   30.0  2.319    1.1    0.0 
      0 2010  255  20568   19.2   30.7  2.329    1.0    0.0 
      0 2010  256  21141   19.1   30.0  2.264    1.2    0.0 
      0 2010  257  17818   18.9   28.5  2.251    1.9    0.3 
      0 2010  258  17827   20.2   28.7  2.334    1.5    0.0 
      0 2010  259  12613   22.3   29.9  2.663    1.5    1.5 
      0 2010  260  11693   24.4   31.4  3.050    1.8    3.6 
      0 2010  261   7189   18.5   26.2  2.058    4.8    3.6 
      0 2010  262   9234   17.8   22.2  1.674    3.1    0.9 
      0 2010  263  13184   16.9   27.1  2.119    1.7    0.9 
      0 2010  264   5210   16.0   24.1  1.764    5.5    1.2 
      0 2010  265  15179   14.1   21.1  1.281    2.2    0.0 
      0 2010  266  20992   11.3   23.4  1.303    1.1    0.0 
      0 2010  267   3883   12.0   17.7  1.310    1.4    2.7 
      0 2010  268  10612   12.5   18.9  1.398    2.2    1.3 
      0 2010  269  18265   11.7   23.2  1.564    1.8    0.0 
      0 2010  270  18908   13.9   26.3  1.676    1.3    0.0 
      0 2010  271  13277   15.7   19.7  1.018    4.2    0.0 
      0 2010  272  17866   13.4   23.3  1.229    2.3    0.0 
      0 2010  273  15671   12.5   25.1  1.541    1.8    0.0 
      0 2010  274  16176   16.5   25.1  1.680    1.4    0.2 
      0 2010  275  19587   15.5   26.6  1.253    3.3    0.1 
      0 2010  276  19720   10.4   24.7  0.897    1.9    0.0 
      0 2010  277  19343    9.3   25.0  0.926    1.4    0.0 
      0 2010  278  19105   10.8   27.1  1.088    2.5    0.0 
      0 2010  279  16624   13.7   26.7  1.258    1.9    0.0 
      0 2010  280  15716   15.9   25.8  1.414    1.5    0.0 
      0 2010  281  17901   12.8   25.6  1.438    1.5    0.0 
      0 2010  282  17622   13.1   26.4  1.556    1.6    0.0 
      0 2010  283  10735   14.9   25.0  1.577    1.4    0.2 
      0 2010  284  14988   14.7   24.3  1.333    2.0    0.0 
      0 2010  285   5281   14.4   18.3  1.029    3.1    0.2 
      0 2010  286  16525   10.6   23.2  1.297    1.7    0.0 
      0 2010  287  16288   13.7   25.3  1.261    1.9    0.0 
      0 2010  288  17655    9.4   24.7  0.901    2.3    0.0 
      0 2010  289  16948    9.9   26.7  1.052    1.6    0.0 
      0 2010  290  14699   14.0   20.6  1.028    4.8    0.0 
      0 2010  291  14733   11.5   20.4  1.016    2.0    0.0 
      0 2010  292  14863   10.0   20.0  1.126    2.9    0.0 
      0 2010  293  11947   10.7   18.4  1.026    3.1    0.0 
      0 2010  294   7237    9.9   18.5  1.218    1.5    0.2 
      0 2010  295  15761    8.6   21.4  1.230    1.6    0.0 
      0 2010  296  13634    9.7   21.9  1.306    1.8    0.0 
      0 2010  297   9873   10.0   21.8  1.300    3.4    0.7 
      0 2010  298  10562    7.8   13.7  0.595    4.3    0.8 
      0 2010  299  10744    5.5   10.3  0.458    3.3    0.0 
      0 2010  300  14783    3.0   14.8  0.574    2.2    0.0 
      0 2010  301  12886    2.4   16.3  0.701    1.1    0.0 
      0 2010  302  14219    4.3   18.1  0.726    1.5    0.0 
      0 2010  303  14461    5.6   19.8  0.780    1.4    0.0 
      0 2010  304  14536    5.3   20.3  0.847    1.1    0.0 
      0 2010  305   7485    7.9   18.3  0.885    2.4    0.0 
      0 2010  306   7166    7.0   14.0  0.877    2.3    0.2 
      0 2010  307  14491    3.8   20.3  0.769    2.1    0.0 
      0 2010  308  14277    4.3   20.8  0.717    1.4    0.0 
      0 2010  309  13987    5.1   20.8  0.733    1.3    0.0 
      0 2010  310  13569    5.8   21.9  0.811    2.3    0.0 
      0 2010  311  13865    8.0   20.6  0.634    3.4    0.0 
      0 2010  312  13727    4.0   19.2  0.567    2.6    0.0 
      0 2010  313  13032    3.7   20.7  0.585    2.8    0.0 
      0 2010  314  13145    5.2   20.9  0.714    2.2    0.0 
      0 2010  315  13580    5.2   16.5  0.300    5.1    0.0 
      0 2010  316  12925    3.1   17.7  0.450    1.7    0.0 
      0 2010  317  12870    6.5   14.4  0.481    3.9    0.0 
      0 2010  318  10751    4.9   12.2  0.293    2.5    0.0 
      0 2010  319  12444    0.6   10.4  0.351    2.5    0.0 
      0 2010  320  12826   -0.7   15.1  0.468    1.7    0.0 
      0 2010  321  12544    3.4   16.6  0.608    1.1    0.0 
      0 2010  322  11808    3.2   18.2  0.754    2.3    0.0 
      0 2010  323  12115    2.4   18.2  0.598    2.5    0.0 
      0 2010  324  12146    3.7   19.7  0.696    1.5    0.0 
      0 2010  325  11319    5.8   18.2  0.521    1.7    0.0 
      0 2010  326  12195    0.4   12.4  0.324    1.5    0.0 
      0 2010  327  11673    2.4   13.0  0.355    1.7    0.0 
      0 2010  328  10990    1.1   16.8  0.464    1.9    0.0 
      0 2010  329  11748    1.0   12.5  0.402    2.0    0.0 
      0 2010  330  11523    1.0   18.2  0.479    3.0    0.0 
      0 2010  331  11504    1.3   13.9  0.415    1.8    0.0 
      0 2010  332  11599    1.5   17.2  0.447    2.2    0.0 
      0 2010  333  11479    1.8   19.4  0.501    2.8    0.0 
      0 2010  334  11415    0.5   18.7  0.521    2.1    0.0 
      0 2010  335  11324    3.6   20.1  0.491    2.8    0.0 
      0 2010  336  11447    0.9   16.3  0.303    2.7    0.0 
      0 2010  337  11276   -1.4   12.9  0.309    1.8    0.0 
      0 2010  338  10884    3.4   18.5  0.472    2.6    0.0 
      0 2010  339  10885    2.4   17.3  0.485    3.3    0.0 
      0 2010  340  10816    0.9    9.2  0.318    2.6    0.0 
      0 2010  341  11235   -2.1   12.4  0.217    3.8    0.0 
      0 2010  342  10859    1.4   15.0  0.286    2.1    0.0 
      0 2010  343  10598   -1.1   14.7  0.379    2.1    0.0 
      0 2010  344  10913    1.4   16.0  0.275    3.4    0.0 
      0 2010  345  10797   -0.7    9.2  0.284    1.8    0.0 
      0 2010  346  10011    1.6   11.7  0.403    1.5    0.0 
      0 2010  347   7648   -1.4    6.7  0.376    6.0    0.0 
      0 2010  348   9324   -4.6    1.7  0.261    1.9    0.0 
      0 2010  349   9597   -4.6    3.6  0.211    1.8    0.0 
      0 2010  350  11085   -4.6    7.5  0.123    4.3    0.0 
      0 2010  351  10875   -3.9   12.6  0.213    2.9    0.0 
      0 2010  352   7592   -1.0   14.7  0.288    2.8    0.0 
      0 2010  353  10300   -0.3   15.1  0.314    2.0    0.0 
      0 2010  354  10809   -2.8   13.0  0.293    2.1    0.0 
      0 2010  355  10731   -1.9   16.8  0.316    2.7    0.0 
      0 2010  356  10123   -0.4   16.6  0.354    2.1    0.0 
      0 2010  357   9966   -1.9    6.2  0.377    5.9    0.0 
      0 2010  358   9220   -4.5   -0.4  0.185    3.1    0.0 
      0 2010  359  10359   -5.7    6.1  0.234    2.5    0.0 
      0 2010  360  10909   -4.4    8.7  0.228    3.3    0.0 
      0 2010  361  10918   -2.8   14.0  0.265    3.5    0.0 
      0 2010  362  10955   -1.8    9.7  0.216    2.5    0.0 
      0 2010  363  11226   -2.2    8.9  0.179    2.9    0.0 
      0 2010  364  11544   -5.3    3.2  0.080    4.2    0.0 
      0 2010  365  11424   -6.7    2.7  0.100    1.9    0.0 
