*---------------------------------------------------------------------------*
*Station name: 35.135916 113.763737
* Column  Daily value
* 1       station number
* 2       year
* 3       day
* 4       irradiation                   (kJ m-2 d-1)
* 5       minimum temperature           (degrees Celsius)
* 6       maximum temperature           (degrees Celsius)
* 7       early morning vapour pressure (kPa)
* 8       mean wind speed (height: 2 m) (m s-1)
* 9       precipitation                 (mm d-1)
*
* era5
* Created by era2cabo, by Alex 
* File created: 2019-05-11 05:25:34.410597
** WCCFORMAT=2
*---------------------------------------------------------------------------*
113.763737  35.135916  50.000000  -0.180000  -0.550000 
      0 2004    1   6584   -0.2   10.6  0.345    2.8   -0.0 
      0 2004    2  11360   -2.5   11.7  0.325    2.9   -0.0 
      0 2004    3   8213   -3.5   10.1  0.394    1.6   -0.0 
      0 2004    4   9429   -2.9    9.9  0.449    1.1   -0.0 
      0 2004    5   7629   -2.0    9.2  0.521    0.9    0.2 
      0 2004    6  10992   -1.1   11.8  0.588    1.5    0.0 
      0 2004    7   9399   -0.7    7.3  0.433    4.6    0.1 
      0 2004    8   7737   -1.5    4.4  0.366    2.1    0.1 
      0 2004    9   8053   -3.1    7.2  0.481    1.9   -0.0 
      0 2004   10   7050   -0.8    4.9  0.413    3.8   -0.0 
      0 2004   11   8252   -4.1    7.4  0.454    2.9    0.0 
      0 2004   12  12249   -4.3    7.2  0.374    1.5   -0.0 
      0 2004   13  12527   -5.9    6.4  0.303    1.5   -0.0 
      0 2004   14   9164   -0.3    8.5  0.504    1.6    0.0 
      0 2004   15   4228    1.1    3.6  0.444    4.0    1.4 
      0 2004   16  10874   -3.6    3.8  0.439    2.9    0.9 
      0 2004   17   5779   -4.6    1.0  0.409    1.5    0.5 
      0 2004   18  12393   -5.9    4.1  0.411    1.9    0.0 
      0 2004   19  13065   -6.9    5.2  0.295    1.9   -0.0 
      0 2004   20  11217   -5.7    6.3  0.303    1.7   -0.0 
      0 2004   21  13131   -7.8    0.9  0.221    2.1   -0.0 
      0 2004   22  13059   -7.0    4.4  0.300    2.1   -0.0 
      0 2004   23  13226   -6.0    3.4  0.184    2.7   -0.0 
      0 2004   24  13755   -6.8    2.7  0.186    1.8   -0.0 
      0 2004   25  11877   -7.3    3.4  0.218    1.5   -0.0 
      0 2004   26  13365   -5.2    7.7  0.257    2.5   -0.0 
      0 2004   27  13912   -5.8    6.1  0.266    2.8   -0.0 
      0 2004   28  13973   -4.9    9.5  0.318    2.9   -0.0 
      0 2004   29  12510   -3.8    9.3  0.413    1.8   -0.0 
      0 2004   30  11635   -2.5    8.7  0.442    2.3   -0.0 
      0 2004   31   7329   -1.2    8.8  0.537    1.5    0.2 
      0 2004   32   8142    1.3    7.1  0.554    1.7    0.3 
      0 2004   33  13125   -3.9    6.7  0.338    2.1    0.0 
      0 2004   34  14731   -3.4    7.8  0.170    3.2   -0.0 
      0 2004   35  14685   -3.7    8.8  0.196    3.1   -0.0 
      0 2004   36  15400   -4.8    6.1  0.153    2.6   -0.0 
      0 2004   37  15486   -4.7    8.4  0.157    2.8   -0.0 
      0 2004   38  15601   -5.3   10.9  0.165    3.2   -0.0 
      0 2004   39  15630   -5.1   10.9  0.216    1.9   -0.0 
      0 2004   40  14549   -3.0   10.6  0.340    1.8   -0.0 
      0 2004   41  15389   -1.4   15.5  0.493    1.9   -0.0 
      0 2004   42  13469    1.7   13.9  0.494    2.4   -0.0 
      0 2004   43  15130   -1.9   15.4  0.433    2.5   -0.0 
      0 2004   44  16177   -1.1   20.9  0.384    3.6   -0.0 
      0 2004   45  16331   -0.5   13.8  0.315    2.1   -0.0 
      0 2004   46  15953    1.6   16.1  0.428    1.4   -0.0 
      0 2004   47  12713    4.5   17.0  0.537    2.0    0.0 
      0 2004   48  16936   -1.2   18.2  0.397    2.1   -0.0 
      0 2004   49  16457    3.6   18.3  0.647    1.1   -0.0 
      0 2004   50  14959    3.2   19.6  0.875    1.9    0.0 
      0 2004   51   4099    8.9   12.1  1.029    3.2   17.2 
      0 2004   52   9811    7.1   14.9  1.004    1.9    1.3 
      0 2004   53   8081    3.1   10.9  0.811    1.8    0.3 
      0 2004   54  15307    1.9   14.4  0.795    2.0    0.0 
      0 2004   55  17660    3.0   17.8  0.724    3.0    0.2 
      0 2004   56  18170    3.2   17.3  0.505    2.7   -0.0 
      0 2004   57  18426   -0.1   16.0  0.447    1.9   -0.0 
      0 2004   58  16658    2.3   17.4  0.673    1.9   -0.0 
      0 2004   59  15756    5.6   19.1  0.695    2.3   -0.0 
      0 2004   60   8337    2.0    8.9  0.381    3.0    0.0 
      0 2004   61  14174    0.3   12.0  0.574    2.8   -0.0 
      0 2004   62  11409    2.9   12.4  0.606    2.2    0.4 
      0 2004   63  19711   -2.9   11.1  0.235    3.5    0.0 
      0 2004   64  19742   -1.9   17.4  0.327    3.3   -0.0 
      0 2004   65  19417    0.9   13.0  0.262    4.1   -0.0 
      0 2004   66  20382   -1.8   10.2  0.234    1.8   -0.0 
      0 2004   67  20299   -4.0   13.2  0.270    1.9   -0.0 
      0 2004   68  19866    4.6   21.5  0.482    3.9   -0.0 
      0 2004   69  19890    5.8   24.2  0.756    3.2   -0.0 
      0 2004   70  17284    8.2   22.5  0.632    2.7   -0.0 
      0 2004   71   9799    8.8   15.6  0.474    2.9   -0.0 
      0 2004   72  20113    3.6   18.4  0.794    3.2   -0.0 
      0 2004   73  18428    4.3   18.2  0.816    2.6   -0.0 
      0 2004   74  20537    5.6   21.1  0.862    2.4   -0.0 
      0 2004   75  20379    8.4   25.4  1.180    2.8   -0.0 
      0 2004   76  20058   11.6   25.9  1.246    2.5    1.1 
      0 2004   77  15295    4.2   14.9  0.366    4.9    0.6 
      0 2004   78  17113    2.9   10.5  0.427    1.6    0.2 
      0 2004   79   9735    3.7    9.1  0.723    2.3    1.2 
      0 2004   80  10423    1.2   12.2  0.773    2.2    0.0 
      0 2004   81  12882    5.6   14.5  0.767    2.4    0.0 
      0 2004   82  19717    5.1   17.3  0.867    2.5   -0.0 
      0 2004   83  20550    6.2   19.9  1.011    2.1   -0.0 
      0 2004   84   6377    7.0   12.2  0.795    4.2    0.2 
      0 2004   85  18139    4.0   17.3  0.819    2.3   -0.0 
      0 2004   86  18608    5.8   19.5  0.925    2.7   -0.0 
      0 2004   87  20859    9.4   20.4  1.016    2.7   -0.0 
      0 2004   88  18687    7.3   23.3  1.198    1.8   -0.0 
      0 2004   89  19420   10.7   25.3  0.938    1.6   -0.0 
      0 2004   90  16356    5.1   16.8  0.496    2.3   -0.0 
      0 2004   91  21888    7.4   23.1  0.866    1.9    0.8 
      0 2004   92  24138    6.5   21.7  0.687    3.2    0.0 
      0 2004   93  23746    5.3   20.3  0.608    3.3   -0.0 
      0 2004   94  17777    5.2   13.4  0.488    3.9    0.2 
      0 2004   95  23934    2.5   17.5  0.571    3.4   -0.0 
      0 2004   96  23026    6.7   25.4  0.959    3.5   -0.0 
      0 2004   97  17248   11.0   17.6  0.720    6.2    0.0 
      0 2004   98  22432    6.9   18.9  0.563    1.9   -0.0 
      0 2004   99  25045    4.6   25.3  0.602    3.1   -0.0 
      0 2004  100  20297    7.4   25.3  0.827    2.9   -0.0 
      0 2004  101  18192   12.8   23.1  1.128    1.7    0.1 
      0 2004  102  24223    9.9   27.1  1.328    1.5   -0.0 
      0 2004  103  20503   13.5   27.0  1.553    1.8    0.0 
      0 2004  104  17366   14.2   22.4  1.390    3.5    2.2 
      0 2004  105  16382   10.7   24.5  1.142    2.2   -0.0 
      0 2004  106  24972   12.1   27.3  0.934    3.8   -0.0 
      0 2004  107  20512   10.4   28.7  1.081    2.6   -0.0 
      0 2004  108  22683   11.7   28.3  1.219    2.1   -0.0 
      0 2004  109  18676   14.5   25.9  1.550    1.6   -0.0 
      0 2004  110  25568   12.6   33.5  1.500    2.9   -0.0 
      0 2004  111  25625   13.9   31.7  1.567    2.5   -0.0 
      0 2004  112  24078   15.9   31.9  1.938    2.3   -0.0 
      0 2004  113  19952   18.0   24.1  1.146    5.6   -0.0 
      0 2004  114  15407   12.8   20.1  0.939    2.1    0.0 
      0 2004  115  26151    8.4   21.0  0.810    1.7   -0.0 
      0 2004  116  13694   10.1   20.5  1.141    1.3    4.0 
      0 2004  117  18564   10.8   22.8  1.353    3.5    1.2 
      0 2004  118  25877    7.2   20.2  1.080    2.3   -0.0 
      0 2004  119  25277   11.1   27.4  1.528    2.5   -0.0 
      0 2004  120  15727   18.2   27.2  1.973    2.3    0.2 
      0 2004  121  18074   15.1   21.4  1.307    7.1    0.2 
      0 2004  122  25114   12.3   22.0  1.008    3.4   -0.0 
      0 2004  123   3971   14.1   16.7  1.357    1.0    3.2 
      0 2004  124  17781   12.4   19.7  1.117    1.4    2.7 
      0 2004  125  27432    7.4   25.6  0.882    3.4   -0.0 
      0 2004  126  27526   12.0   30.1  0.931    4.0   -0.0 
      0 2004  127  27244   12.3   29.4  1.372    2.0   -0.0 
      0 2004  128  23265   14.1   28.2  1.496    1.7   -0.0 
      0 2004  129  24859   15.3   28.6  1.560    1.5   -0.0 
      0 2004  130  26320   14.4   29.1  1.861    1.7   -0.0 
      0 2004  131  24634   18.1   32.3  2.100    2.3    2.6 
      0 2004  132   4039   17.7   21.9  1.839    4.8   16.5 
      0 2004  133  25680   13.4   28.0  1.871    2.0    0.4 
      0 2004  134  26189   15.9   26.8  1.405    1.8   -0.0 
      0 2004  135  11123   14.7   22.4  1.470    1.1    0.0 
      0 2004  136  22389   14.6   25.9  1.715    1.6    0.0 
      0 2004  137  27897   14.6   24.7  0.866    5.6   -0.0 
      0 2004  138  26914   13.6   30.8  1.107    3.4   -0.0 
      0 2004  139  25013   14.2   31.0  1.257    1.8    1.1 
      0 2004  140  27785   14.7   33.9  1.321    3.8   -0.0 
      0 2004  141  27951   17.5   27.4  0.933    4.6   -0.0 
      0 2004  142  28002   12.7   27.9  1.080    2.1   -0.0 
      0 2004  143  25979   15.6   30.6  1.358    1.8   -0.0 
      0 2004  144  27929   15.7   30.6  1.232    2.1   -0.0 
      0 2004  145  26945   17.5   33.9  1.625    1.9   -0.0 
      0 2004  146  15398   22.4   30.4  1.943    3.0    0.1 
      0 2004  147  26408   18.0   26.7  1.439    5.3    0.3 
      0 2004  148   4077   15.7   20.6  1.766    1.1   14.5 
      0 2004  149  27031   14.2   30.4  1.953    1.8   -0.0 
      0 2004  150  26455   18.0   30.6  1.953    3.2    0.0 
      0 2004  151  20572   18.5   29.9  1.352    2.9    0.0 
      0 2004  152  29212   12.8   28.8  1.027    2.3   -0.0 
      0 2004  153  11154   18.7   26.0  1.240    1.7   -0.0 
      0 2004  154  27506   15.6   29.1  1.242    2.1   -0.0 
      0 2004  155  15824   16.7   26.8  1.319    2.4   -0.0 
      0 2004  156   3479   18.0   23.0  1.351    3.3    0.4 
      0 2004  157   2232   16.4   18.0  1.559    2.9    1.0 
      0 2004  158  21664   13.9   26.5  1.638    1.7    0.0 
      0 2004  159  24818   15.4   30.0  1.558    1.4    0.6 
      0 2004  160  26480   14.9   29.4  1.600    1.1    0.0 
      0 2004  161  27869   16.5   34.5  1.585    1.7   -0.0 
      0 2004  162  27119   19.2   33.7  1.723    1.7   -0.0 
      0 2004  163  28566   20.1   35.2  1.531    1.4   -0.0 
      0 2004  164  24213   20.5   36.2  1.549    1.9    0.0 
      0 2004  165  14835   22.8   32.8  1.396    2.5    0.1 
      0 2004  166   2006   19.3   25.1  1.901    1.8    5.2 
      0 2004  167   1962   19.1   20.9  2.015    2.6    2.5 
      0 2004  168  21048   18.0   29.6  1.991    1.7    0.1 
      0 2004  169  21614   18.0   31.6  2.104    2.5    0.0 
      0 2004  170  20937   22.2   32.2  2.181    1.9    0.3 
      0 2004  171  23355   18.8   31.0  2.077    1.5    0.0 
      0 2004  172  26335   20.1   35.2  2.250    1.5    1.2 
      0 2004  173  27037   20.1   37.0  2.049    1.7    0.3 
      0 2004  174  26458   22.2   36.5  2.243    1.7   -0.0 
      0 2004  175  17884   25.7   33.7  2.593    2.5    0.3 
      0 2004  176  25455   23.8   36.2  2.586    1.1    0.8 
      0 2004  177  23345   22.2   33.4  2.573    2.5    0.2 
      0 2004  178  25198   23.6   35.7  2.672    2.1    1.3 
      0 2004  179  25109   24.3   35.9  2.725    2.3    0.3 
      0 2004  180  25939   25.2   37.3  2.734    1.8   -0.0 
      0 2004  181  20122   26.5   36.5  3.105    2.3    4.0 
      0 2004  182   5939   21.3   28.1  2.784    4.1   26.3 
      0 2004  183  26657   20.5   33.6  2.639    1.9    0.3 
      0 2004  184  22861   22.8   35.0  2.723    2.0   -0.0 
      0 2004  185  26590   24.2   35.4  2.429    2.0    0.0 
      0 2004  186  25535   23.9   35.7  2.611    2.4    2.1 
      0 2004  187  26640   22.4   35.7  2.540    1.8    1.0 
      0 2004  188  25091   22.0   33.6  2.074    1.7    6.3 
      0 2004  189  25799   19.9   35.1  1.827    1.4   -0.0 
      0 2004  190  23274   22.1   34.3  2.152    2.2    0.1 
      0 2004  191  21264   22.7   33.1  2.571    1.8    7.2 
      0 2004  192   7647   22.9   27.0  2.670    1.3   19.7 
      0 2004  193  19698   22.0   29.5  2.706    1.2    1.3 
      0 2004  194  17526   21.6   27.9  2.458    2.0   11.9 
      0 2004  195  21548   19.7   29.2  2.386    1.4    0.2 
      0 2004  196  20617   20.7   29.5  2.492    1.5    2.0 
      0 2004  197  16200   22.2   29.8  2.676    1.7    9.8 
      0 2004  198   7030   22.2   26.8  2.699    1.9   18.7 
      0 2004  199  11624   22.3   28.0  2.792    2.0   50.9 
      0 2004  200  19599   21.9   30.3  2.860    2.0    0.1 
      0 2004  201  22782   23.4   31.0  3.018    1.6    1.5 
      0 2004  202   3796   23.2   26.7  2.936    2.4   22.3 
      0 2004  203  19614   23.3   31.6  3.043    2.4    1.3 
      0 2004  204  24410   24.4   33.5  3.073    3.0    0.0 
      0 2004  205  25038   24.7   34.3  3.265    3.0   -0.0 
      0 2004  206  18264   26.7   33.4  3.270    2.5    5.4 
      0 2004  207  16334   25.1   30.0  2.863    3.3    2.2 
      0 2004  208  12962   24.7   32.0  3.023    1.5    1.4 
      0 2004  209  10287   25.0   30.9  3.179    1.3    2.3 
      0 2004  210  15982   25.2   31.5  3.222    2.1    5.4 
      0 2004  211  20156   23.9   32.8  3.272    1.4    0.9 
      0 2004  212   8329   21.5   26.9  2.359    4.3   17.5 
      0 2004  213  12471   21.3   26.8  2.184    2.0    0.3 
      0 2004  214  15007   21.4   27.7  2.471    1.1    1.5 
      0 2004  215   6773   23.4   26.9  2.810    1.3   12.7 
      0 2004  216  17691   24.0   31.4  3.168    1.3    7.3 
      0 2004  217  12696   24.2   29.5  2.787    4.5    3.3 
      0 2004  218  26545   21.3   28.5  2.026    4.0   -0.0 
      0 2004  219  23334   18.5   30.1  2.495    1.6    0.0 
      0 2004  220  19991   24.1   31.6  3.027    2.2    0.1 
      0 2004  221  22296   24.2   33.0  3.240    1.5    0.0 
      0 2004  222  12239   25.7   32.7  3.414    1.7   15.2 
      0 2004  223   9827   25.1   30.2  3.222    1.9   18.5 
      0 2004  224   8711   24.8   29.7  3.209    2.2    7.8 
      0 2004  225  18398   24.6   31.6  3.169    1.6    1.8 
      0 2004  226  15901   20.3   26.7  2.068    6.6    0.8 
      0 2004  227  11356   20.1   23.6  1.555    6.1    1.8 
      0 2004  228   6450   18.7   23.9  1.697    3.8    4.3 
      0 2004  229   5074   18.5   21.8  2.126    1.3   20.7 
      0 2004  230  21575   15.9   26.5  2.163    1.3    0.0 
      0 2004  231  18506   18.8   27.6  2.293    1.0   -0.0 
      0 2004  232  22476   18.5   28.5  2.311    2.0    0.0 
      0 2004  233   7307   21.0   25.2  2.309    2.4    5.7 
      0 2004  234  10231   18.7   23.8  1.952    2.4    2.6 
      0 2004  235  15809   17.8   26.1  2.111    2.0    0.0 
      0 2004  236  18575   18.6   27.3  2.291    1.7    0.0 
      0 2004  237  19696   18.8   28.2  2.480    1.3    1.2 
      0 2004  238  11057   21.3   27.8  2.626    1.2    0.5 
      0 2004  239   7220   21.0   27.0  2.671    1.0    2.9 
      0 2004  240   9587   21.0   26.4  2.410    2.1    5.0 
      0 2004  241  18349   21.2   28.7  2.541    1.3    0.5 
      0 2004  242  14727   21.1   28.0  2.552    1.7    0.5 
      0 2004  243  22717   18.2   29.9  2.155    2.9   -0.0 
      0 2004  244  20514   20.1   31.8  2.350    1.3   -0.0 
      0 2004  245  22199   19.1   32.0  2.481    1.6   -0.0 
      0 2004  246  22164   20.6   30.4  2.511    1.4    0.1 
      0 2004  247   4911   20.6   24.8  2.240    1.0    1.0 
      0 2004  248  12655   20.5   27.1  2.271    1.7    0.1 
      0 2004  249  13687   21.7   27.5  2.453    1.3    0.2 
      0 2004  250  18554   19.8   29.8  2.397    1.8    0.0 
      0 2004  251  22916   19.2   26.8  1.530    3.0    0.0 
      0 2004  252  21370   18.0   28.8  1.741    2.5   -0.0 
      0 2004  253  23296   15.3   30.7  1.770    1.7   -0.0 
      0 2004  254  21202   15.9   28.2  1.822    1.8   -0.0 
      0 2004  255  22819   16.3   27.9  1.479    1.9   -0.0 
      0 2004  256  20564   14.0   28.1  1.530    1.5   -0.0 
      0 2004  257  15542   16.3   26.8  1.734    1.4    0.0 
      0 2004  258   7214   14.8   21.8  1.746    2.7    8.6 
      0 2004  259  17867   13.9   25.7  1.681    2.6    0.0 
      0 2004  260  20783   16.7   30.5  2.118    1.6   -0.0 
      0 2004  261  15943   18.0   27.9  2.107    3.6    5.5 
      0 2004  262  19068   16.8   26.6  1.913    0.9    8.3 
      0 2004  263   2277   16.3   20.9  1.748    1.6   13.5 
      0 2004  264  20215   14.7   25.5  1.500    2.5    1.5 
      0 2004  265  21429   11.1   24.4  1.215    1.2   -0.0 
      0 2004  266  19881   13.1   25.6  1.365    1.9   -0.0 
      0 2004  267  20851   13.6   26.5  1.479    1.8   -0.0 
      0 2004  268  12003   13.9   24.2  1.591    1.1    0.4 
      0 2004  269   9040   16.8   22.8  1.701    1.4    1.9 
      0 2004  270  18198   15.2   25.3  1.702    1.3   -0.0 
      0 2004  271  17631   16.0   28.3  1.984    1.4   -0.0 
      0 2004  272  18838   16.9   28.3  2.001    1.3   -0.0 
      0 2004  273   8184   18.3   25.4  2.008    0.9    2.0 
      0 2004  274   1388   15.7   21.3  1.833    1.7   36.7 
      0 2004  275  16893    9.5   20.3  1.071    1.6   -0.0 
      0 2004  276  20348    4.8   20.1  0.755    2.3   -0.0 
      0 2004  277  19756    7.4   22.4  0.941    1.7   -0.0 
      0 2004  278  19091   10.8   23.1  1.136    1.1   -0.0 
      0 2004  279  15631   12.8   23.6  1.240    1.7   -0.0 
      0 2004  280  17538   12.1   24.7  1.347    2.1   -0.0 
      0 2004  281  17108   13.2   24.5  1.556    0.9    0.0 
      0 2004  282  17340   12.2   24.9  1.506    0.9    0.1 
      0 2004  283  18087   11.4   25.1  1.366    1.0   -0.0 
      0 2004  284   9385   11.7   22.4  1.406    2.1   -0.0 
      0 2004  285  17808   12.3   26.1  1.233    1.9   -0.0 
      0 2004  286  17268   10.0   22.9  1.058    1.6    0.0 
      0 2004  287  17859    8.7   24.1  0.749    2.8   -0.0 
      0 2004  288  13958    8.9   19.1  0.643    1.8   -0.0 
      0 2004  289  15119    9.2   23.3  0.963    2.2   -0.0 
      0 2004  290   4570   10.6   19.5  1.252    1.2    0.2 
      0 2004  291   8795   11.5   20.5  1.378    1.1    0.6 
      0 2004  292  16021    8.9   22.3  1.265    1.3   -0.0 
      0 2004  293  15993   10.0   23.6  1.314    1.3   -0.0 
      0 2004  294  15700   10.0   23.3  1.279    1.7   -0.0 
      0 2004  295  11203   12.1   19.6  1.078    1.1    0.0 
      0 2004  296  11059    9.4   18.8  0.889    1.3   -0.0 
      0 2004  297   5789   12.4   17.5  0.855    1.1   -0.0 
      0 2004  298  15060    8.5   19.9  1.075    1.4   -0.0 
      0 2004  299  15067    8.6   21.6  1.057    2.4   -0.0 
      0 2004  300  13554    7.3   15.4  0.756    1.9   -0.0 
      0 2004  301  15110    5.3   16.4  0.695    1.6   -0.0 
      0 2004  302  11322    7.7   17.5  0.849    1.1   -0.0 
      0 2004  303  12464    7.9   20.2  1.051    1.1   -0.0 
      0 2004  304   8771   10.2   20.4  1.231    1.3    0.0 
      0 2004  305  12893   11.6   23.5  1.186    2.5    1.0 
      0 2004  306  14778    8.9   20.2  0.632    2.7   -0.0 
      0 2004  307  14513    4.5   20.3  0.728    1.4   -0.0 
      0 2004  308  13903    8.3   20.9  0.882    1.0   -0.0 
      0 2004  309  12864    9.4   23.0  1.194    1.8    0.0 
      0 2004  310  13921    9.4   16.6  0.730    2.5   -0.0 
      0 2004  311  13365    7.3   19.3  0.794    1.6   -0.0 
      0 2004  312  13165    8.1   23.5  1.113    2.2   -0.0 
      0 2004  313   9473   11.7   20.9  1.107    2.7    0.7 
      0 2004  314   6501   12.2   17.8  1.238    2.8    7.6 
      0 2004  315   5031   10.3   16.0  1.166    1.8    0.1 
      0 2004  316   8056    6.6   13.6  0.643    2.6    0.0 
      0 2004  317   8106    3.2    8.4  0.498    3.3    1.9 
      0 2004  318   8440    3.3   11.2  0.785    2.0    1.1 
      0 2004  319  10645    1.4   17.3  0.736    2.1   -0.0 
      0 2004  320  12910    0.3   15.6  0.535    2.2   -0.0 
      0 2004  321  12892    0.5   16.3  0.452    2.7   -0.0 
      0 2004  322  12610    0.4   16.0  0.512    1.6   -0.0 
      0 2004  323  12519    0.5   16.9  0.610    1.3   -0.0 
      0 2004  324  12128    2.2   17.1  0.668    1.5   -0.0 
      0 2004  325  11840    2.6   15.1  0.692    1.4   -0.0 
      0 2004  326  11848    1.1   14.1  0.609    1.2   -0.0 
      0 2004  327  11036    3.9   15.3  0.703    1.7   -0.0 
      0 2004  328  11190    3.1   16.7  0.751    1.3   -0.0 
      0 2004  329   4100    2.2   11.8  0.668    4.7    6.1 
      0 2004  330   6528   -1.0    4.1  0.544    2.8    5.5 
      0 2004  331  11997   -2.4   10.2  0.331    3.6   -0.0 
      0 2004  332  11818   -2.6   13.5  0.496    2.2   -0.0 
      0 2004  333  11839   -2.8   14.3  0.537    1.9   -0.0 
      0 2004  334  11578   -1.3   16.0  0.616    2.0   -0.0 
      0 2004  335   7893    1.4   11.3  0.705    1.4   -0.0 
      0 2004  336   3890    4.5   10.2  0.788    2.8    0.3 
      0 2004  337   1274    6.8    7.9  0.807    4.1    3.4 
      0 2004  338   5869    6.0   15.3  0.902    2.2    1.4 
      0 2004  339  11280    0.2   15.1  0.566    1.9   -0.0 
      0 2004  340  11002   -0.4   11.0  0.514    1.9   -0.0 
      0 2004  341  11051    1.7   13.3  0.430    2.9   -0.0 
      0 2004  342  11104   -1.5   14.3  0.398    3.1   -0.0 
      0 2004  343  10978    0.0   15.7  0.556    1.7   -0.0 
      0 2004  344   8106    0.5   15.2  0.499    2.5   -0.0 
      0 2004  345  10886   -2.1   12.1  0.473    1.1   -0.0 
      0 2004  346  10348    2.4   14.3  0.613    2.1   -0.0 
      0 2004  347  10681   -1.6   12.0  0.556    1.1   -0.0 
      0 2004  348   9757    1.7   11.9  0.646    1.3   -0.0 
      0 2004  349   7326    2.8   12.2  0.726    1.3    1.3 
      0 2004  350   8145    1.7    9.1  0.673    1.9    0.0 
      0 2004  351   5527    3.3    6.5  0.616    2.7    0.1 
      0 2004  352   9384   -0.5   10.4  0.664    1.7    0.0 
      0 2004  353   5983   -1.0    6.9  0.615    1.1    0.0 
      0 2004  354   5008    0.4    8.4  0.609    2.9    0.0 
      0 2004  355   7787   -3.4    2.3  0.216    4.1    0.1 
      0 2004  356   2046   -2.5   -0.4  0.386    5.2    9.7 
      0 2004  357   5020   -2.7   -0.0  0.407    5.1    1.0 
      0 2004  358   7008   -5.9   -0.6  0.321    2.9    0.1 
      0 2004  359  10476   -6.5    1.2  0.319    1.4    0.0 
      0 2004  360   7349   -6.2    2.0  0.391    1.9    0.5 
      0 2004  361   5980   -5.0    1.4  0.433    1.4    0.6 
      0 2004  362   6091   -4.3    0.8  0.390    1.2    0.1 
      0 2004  363   8552   -6.5    0.5  0.295    1.6    0.0 
      0 2004  364   6462   -7.1   -1.7  0.242    2.2    0.3 
      0 2004  365  11548   -8.2    1.1  0.224    3.1    0.0 
      0 2004  366  11561  -11.0   -0.4  0.182    1.6   -0.0 
