*---------------------------------------------------------------------------*
*Station name: 35.135916 113.763737
* Column  Daily value
* 1       station number
* 2       year
* 3       day
* 4       irradiation                   (kJ m-2 d-1)
* 5       minimum temperature           (degrees Celsius)
* 6       maximum temperature           (degrees Celsius)
* 7       early morning vapour pressure (kPa)
* 8       mean wind speed (height: 2 m) (m s-1)
* 9       precipitation                 (mm d-1)
*
* era5
* Created by era2cabo, by Alex 
* File created: 2019-05-10 14:28:48.008167
** WCCFORMAT=2
*---------------------------------------------------------------------------*
113.763737  35.135916  50.000000  -0.180000  -0.550000 
      0 1996    1  11136   -1.4   13.7  0.401    4.1   -0.0 
      0 1996    2  10892    0.5   15.3  0.301    2.9   -0.0 
      0 1996    3  11200   -3.8    3.5  0.198    2.5   -0.0 
      0 1996    4  10984   -3.4    7.9  0.267    1.8   -0.0 
      0 1996    5  10592   -3.6    7.8  0.359    1.3   -0.0 
      0 1996    6  11282   -2.2    7.7  0.384    1.3   -0.0 
      0 1996    7  11314   -3.5   11.1  0.331    2.2   -0.0 
      0 1996    8  11905   -7.4   -0.4  0.149    2.4   -0.0 
      0 1996    9  11847   -7.2    4.8  0.204    2.5   -0.0 
      0 1996   10  11949   -6.2    6.2  0.298    0.9   -0.0 
      0 1996   11  11235   -4.5    6.8  0.308    1.8   -0.0 
      0 1996   12   6630   -1.2    2.5  0.311    4.6    0.1 
      0 1996   13   7282   -3.5    5.4  0.412    1.3    0.3 
      0 1996   14   8083   -4.7    4.9  0.479    1.7    1.2 
      0 1996   15   9101   -4.1    6.4  0.493    1.5    0.3 
      0 1996   16   4578   -3.7    2.3  0.458    1.5    0.5 
      0 1996   17   5064   -2.8    2.4  0.494    0.9    1.4 
      0 1996   18   7045   -3.2    2.6  0.437    1.3    0.2 
      0 1996   19  12584   -4.9    5.7  0.361    1.8   -0.0 
      0 1996   20   8540   -4.9    5.8  0.327    2.0    0.1 
      0 1996   21   5619   -1.2    3.2  0.430    1.6    1.1 
      0 1996   22  11202   -3.3    7.4  0.464    2.1   -0.0 
      0 1996   23  12902   -4.3    7.1  0.371    2.0   -0.0 
      0 1996   24   9303   -2.0    4.5  0.373    1.0    0.1 
      0 1996   25  11462   -4.5    5.6  0.360    1.0   -0.0 
      0 1996   26  11500   -4.7    8.8  0.346    2.1   -0.0 
      0 1996   27  13525   -5.6    9.8  0.266    2.3   -0.0 
      0 1996   28  10486   -4.2   10.6  0.264    2.4   -0.0 
      0 1996   29  10153   -3.1   11.8  0.265    2.1   -0.0 
      0 1996   30  10948   -4.7    5.1  0.236    2.9   -0.0 
      0 1996   31  13910   -3.2    5.1  0.204    2.3   -0.0 
      0 1996   32  14655   -6.6    5.9  0.191    1.6   -0.0 
      0 1996   33  14424   -5.3    5.2  0.185    2.1   -0.0 
      0 1996   34  13014   -4.0   10.8  0.277    2.8   -0.0 
      0 1996   35  14001   -3.5    8.1  0.241    2.8   -0.0 
      0 1996   36  14961   -4.7    7.4  0.237    1.6   -0.0 
      0 1996   37   9282   -2.1    6.0  0.297    1.9    0.0 
      0 1996   38  14296   -1.3   11.6  0.427    1.9    0.0 
      0 1996   39  14918   -2.9    5.9  0.288    2.7   -0.0 
      0 1996   40  15992   -6.1    6.3  0.202    1.7   -0.0 
      0 1996   41  15522   -4.3   10.5  0.270    2.6   -0.0 
      0 1996   42  15285   -0.6   18.0  0.452    2.9   -0.0 
      0 1996   43  15071    1.5   18.6  0.441    1.7   -0.0 
      0 1996   44  15063    4.0   23.8  0.576    2.8   -0.0 
      0 1996   45  15661    6.9   15.6  0.365    6.9   -0.0 
      0 1996   46   8523    1.3    6.8  0.218    5.0    0.0 
      0 1996   47   2797   -3.3    1.7  0.335    5.0   10.2 
      0 1996   48  15991   -9.7    0.5  0.266    2.0    0.9 
      0 1996   49  15485  -11.0    0.3  0.230    1.5   -0.0 
      0 1996   50  14582   -9.1    1.2  0.298    1.6    0.0 
      0 1996   51  13386   -8.0    1.5  0.351    1.4    0.0 
      0 1996   52  15765   -7.7    2.9  0.323    1.6   -0.0 
      0 1996   53  17814   -7.0    6.1  0.271    1.7   -0.0 
      0 1996   54  16812   -6.5    7.0  0.295    1.3   -0.0 
      0 1996   55  12976   -4.5    8.1  0.408    1.8   -0.0 
      0 1996   56  15560   -3.4   10.8  0.480    1.8   -0.0 
      0 1996   57  18044   -2.2    9.1  0.357    3.0   -0.0 
      0 1996   58  18565   -3.0    8.1  0.260    1.9   -0.0 
      0 1996   59  14142   -1.3   12.4  0.397    3.2   -0.0 
      0 1996   60  18366   -0.8   17.4  0.401    2.3   -0.0 
      0 1996   61  19501   -3.5   11.8  0.228    2.5   -0.0 
      0 1996   62  15743   -2.1   13.1  0.301    2.6   -0.0 
      0 1996   63  18072   -1.4   16.1  0.393    1.4   -0.0 
      0 1996   64  10340   -0.7   14.7  0.466    1.0   -0.0 
      0 1996   65  19183    1.2   13.7  0.443    2.4   -0.0 
      0 1996   66  18302    1.5   18.9  0.658    1.8   -0.0 
      0 1996   67  17312    2.5   13.7  0.527    2.3   -0.0 
      0 1996   68  19179    1.8   11.5  0.301    1.7   -0.0 
      0 1996   69  18578   -1.0    9.9  0.331    2.0   -0.0 
      0 1996   70  20226   -1.8   15.1  0.343    2.9   -0.0 
      0 1996   71  15220    0.7    9.3  0.288    4.2   -0.0 
      0 1996   72  20826   -0.8   16.3  0.414    3.4   -0.0 
      0 1996   73  17539    3.3   19.3  0.647    1.5   -0.0 
      0 1996   74  11045    7.2   18.7  0.541    1.8    0.0 
      0 1996   75  14264    2.2   16.2  0.657    3.4    0.1 
      0 1996   76  12139    4.5   20.2  0.790    2.1    0.1 
      0 1996   77  13589    1.4    9.6  0.390    2.7    0.0 
      0 1996   78  21902   -1.5   12.0  0.383    2.9   -0.0 
      0 1996   79  11972    1.5   11.5  0.497    2.3    0.0 
      0 1996   80   7452    2.3    8.0  0.720    1.7    3.2 
      0 1996   81   9094    4.1   10.8  0.771    1.8    3.5 
      0 1996   82  15928    3.3    9.9  0.548    4.7    0.0 
      0 1996   83  11979    2.5    8.1  0.435    3.7    0.0 
      0 1996   84  15250    0.0   11.9  0.658    1.9    0.3 
      0 1996   85  21172    0.0   14.3  0.721    1.9   -0.0 
      0 1996   86  16066    3.8   13.4  0.808    1.7   -0.0 
      0 1996   87  16213    3.5   15.5  0.760    2.1   -0.0 
      0 1996   88   5163    6.0    8.7  0.825    2.0    3.8 
      0 1996   89   4573    5.0    7.3  0.878    1.1    5.6 
      0 1996   90  22453    1.3   18.6  0.921    2.4   -0.0 
      0 1996   91  12992    7.1   13.6  0.619    4.2   -0.0 
      0 1996   92  20408    2.5   12.9  0.566    1.9   -0.0 
      0 1996   93  16120    2.4   12.3  0.556    1.5    0.0 
      0 1996   94  19977    4.9   15.6  0.727    2.5    0.1 
      0 1996   95  17966    2.0   17.0  0.836    1.5   -0.0 
      0 1996   96  19552    5.3   17.6  0.847    1.9   -0.0 
      0 1996   97  23755    6.8   20.8  0.729    1.7   -0.0 
      0 1996   98  23086    6.3   20.9  0.726    1.4   -0.0 
      0 1996   99  19746    5.7   21.0  0.800    1.7   -0.0 
      0 1996  100  17692    9.5   17.3  0.983    2.7    0.1 
      0 1996  101  13251    7.7   14.1  0.876    2.1   -0.0 
      0 1996  102  18082    4.5   16.6  0.914    1.7    0.3 
      0 1996  103  11082    9.0   14.7  0.920    2.7    2.8 
      0 1996  104  10586    7.8   13.4  0.835    1.7    0.0 
      0 1996  105  19044    6.1   17.7  0.971    1.7   -0.0 
      0 1996  106  21010    9.5   22.9  1.078    3.5    0.3 
      0 1996  107  19132    9.5   28.9  0.935    3.7   -0.0 
      0 1996  108  21190    8.4   21.7  0.839    2.3   -0.0 
      0 1996  109  10347    9.6   15.3  0.819    3.5    2.2 
      0 1996  110  26202    4.5   22.5  0.671    1.9   -0.0 
      0 1996  111  24178    5.1   19.6  0.491    2.1   -0.0 
      0 1996  112  26518    4.7   23.5  0.585    3.2   -0.0 
      0 1996  113  26430    8.4   27.7  0.702    3.8   -0.0 
      0 1996  114  26253   13.3   28.2  1.033    3.0   -0.0 
      0 1996  115  20202   17.3   25.2  0.818    4.3   -0.0 
      0 1996  116  26346   10.4   26.7  0.730    1.1   -0.0 
      0 1996  117  22866   12.8   29.5  1.258    1.7   -0.0 
      0 1996  118   4434   17.7   22.7  1.903    1.9    5.0 
      0 1996  119   6267   16.9   21.9  1.903    2.7    7.1 
      0 1996  120  16255   14.4   23.3  1.612    2.0    0.3 
      0 1996  121  23607   12.5   26.7  1.758    1.8    0.2 
      0 1996  122  19471   12.8   26.7  1.356    1.7   -0.0 
      0 1996  123   6682   11.8   20.3  1.061    2.0    0.5 
      0 1996  124   4348   11.3   14.9  1.326    1.6    3.8 
      0 1996  125  24482    9.2   24.5  1.512    1.7   -0.0 
      0 1996  126  24007   12.2   24.7  1.554    2.1    0.9 
      0 1996  127  17265   15.2   26.6  1.695    1.7    0.0 
      0 1996  128  27172   13.8   25.8  0.866    3.0   -0.0 
      0 1996  129  27777    8.0   26.6  0.755    3.3   -0.0 
      0 1996  130  24698   11.1   29.2  1.051    3.3   -0.0 
      0 1996  131  24055   13.9   24.9  1.125    2.2   -0.0 
      0 1996  132  27985    9.1   26.1  0.794    2.0   -0.0 
      0 1996  133  27430   10.2   28.3  0.982    2.4   -0.0 
      0 1996  134  16506   16.6   28.0  1.291    1.5   -0.0 
      0 1996  135  15639   15.1   26.4  1.303    3.2    0.0 
      0 1996  136  19512   17.2   25.7  1.119    2.2   -0.0 
      0 1996  137  22509   13.5   25.4  1.216    1.3   -0.0 
      0 1996  138  26196   14.4   27.5  1.354    1.5   -0.0 
      0 1996  139  24247   16.1   28.7  1.650    1.8   -0.0 
      0 1996  140  26840   15.8   33.0  1.350    1.8   -0.0 
      0 1996  141  28073   13.6   35.0  1.166    2.2   -0.0 
      0 1996  142  28188   19.9   31.2  1.167    3.4   -0.0 
      0 1996  143  19870   16.4   30.8  1.485    1.6    0.9 
      0 1996  144  15864   17.3   26.4  1.682    1.9    6.3 
      0 1996  145  18223   16.9   27.1  1.718    1.5    7.1 
      0 1996  146  24483   16.4   30.5  1.920    1.0   -0.0 
      0 1996  147  23807   18.6   32.0  2.133    1.9    4.7 
      0 1996  148   8087   18.6   23.4  1.885    3.4   14.4 
      0 1996  149  21247   16.2   25.7  1.935    1.7    2.5 
      0 1996  150  22876   16.1   27.4  2.015    1.4    0.3 
      0 1996  151  27340   16.6   29.9  1.914    1.6   -0.0 
      0 1996  152  26521   17.8   29.7  1.854    1.4   -0.0 
      0 1996  153  18574   18.2   29.3  1.964    1.1   -0.0 
      0 1996  154  14830   21.0   29.3  2.044    1.6    0.2 
      0 1996  155  13504   19.6   30.6  2.059    2.5    1.3 
      0 1996  156   4219   16.0   23.6  1.708    2.8    0.6 
      0 1996  157  27491   12.3   28.1  1.408    1.3   -0.0 
      0 1996  158   8467   18.2   22.7  1.842    1.5    4.1 
      0 1996  159  19150   15.8   27.6  1.923    1.5    0.0 
      0 1996  160  13366   18.0   27.6  2.126    1.4    0.0 
      0 1996  161  21029   18.6   29.9  2.082    1.2    0.0 
      0 1996  162  25321   18.8   33.9  1.950    2.7   -0.0 
      0 1996  163  25684   21.3   31.9  1.575    3.0   -0.0 
      0 1996  164  26795   19.2   36.3  1.789    2.9    0.1 
      0 1996  165  24817   24.0   36.4  2.308    1.7    1.5 
      0 1996  166  24285   23.0   34.9  2.317    2.7    0.0 
      0 1996  167  25598   25.0   36.8  2.589    3.2    2.6 
      0 1996  168   8279   21.2   28.2  2.259    4.6    5.6 
      0 1996  169  21618   21.0   31.2  2.126    1.5    2.1 
      0 1996  170  17731   22.4   33.0  2.158    1.7   10.7 
      0 1996  171  27631   22.0   33.2  1.851    3.1   12.4 
      0 1996  172  25394   21.2   32.0  1.197    5.3   -0.0 
      0 1996  173  23481   19.4   31.8  1.472    1.8   -0.0 
      0 1996  174  21573   20.0   34.8  1.625    2.0   -0.0 
      0 1996  175   8705   22.0   28.4  1.934    2.5    1.0 
      0 1996  176  23862   19.0   29.2  1.835    1.8   -0.0 
      0 1996  177  28381   18.5   32.6  1.870    3.0   -0.0 
      0 1996  178  21680   19.7   32.4  2.166    2.4   -0.0 
      0 1996  179  25243   22.6   37.3  2.312    2.3   -0.0 
      0 1996  180  15501   23.1   34.5  2.582    2.6   10.6 
      0 1996  181  26092   19.6   35.8  2.288    2.7    0.1 
      0 1996  182  24435   20.4   37.5  1.962    1.5    2.1 
      0 1996  183  28484   23.9   37.0  2.287    1.9   -0.0 
      0 1996  184  25537   23.5   36.0  2.624    2.7    0.7 
      0 1996  185   4423   24.4   27.7  2.979    3.2   17.6 
      0 1996  186  25675   22.9   34.2  2.570    1.8    0.3 
      0 1996  187  25527   22.7   36.0  2.554    2.4    0.0 
      0 1996  188  25074   25.1   37.7  2.737    1.8    0.0 
      0 1996  189  18419   25.1   35.6  2.791    3.3    1.4 
      0 1996  190   6636   23.3   27.4  2.576    4.8    6.0 
      0 1996  191   5086   21.7   24.4  2.510    1.7   16.2 
      0 1996  192   8140   21.1   25.0  2.374    1.5    3.5 
      0 1996  193   9095   19.9   23.9  2.141    2.7    9.3 
      0 1996  194  17664   18.3   27.6  2.089    1.4    0.0 
      0 1996  195  10501   20.6   26.7  2.353    1.3    1.5 
      0 1996  196   8769   21.3   26.5  2.468    3.0    1.7 
      0 1996  197  21800   20.0   30.2  2.516    1.1    0.1 
      0 1996  198  19023   22.8   30.8  2.673    1.4    5.2 
      0 1996  199  17780   21.7   28.9  2.615    2.2    3.7 
      0 1996  200  19184   21.6   29.6  2.690    0.9    1.7 
      0 1996  201  23415   22.4   31.8  2.800    1.3    0.3 
      0 1996  202  18888   23.2   32.8  3.038    1.7    0.8 
      0 1996  203  14699   23.8   30.8  2.902    1.3    2.2 
      0 1996  204  25106   23.7   34.8  3.035    1.8    0.0 
      0 1996  205  20795   25.9   36.1  3.222    2.3    0.5 
      0 1996  206  21461   27.6   38.5  2.985    2.9    1.7 
      0 1996  207  14098   26.1   33.8  3.075    2.7    5.2 
      0 1996  208   6636   25.6   29.0  3.190    2.4   28.4 
      0 1996  209  15660   25.0   32.0  3.242    4.0    7.6 
      0 1996  210  12450   25.3   31.7  3.300    2.4    2.8 
      0 1996  211  12735   25.2   30.8  3.379    1.6    4.1 
      0 1996  212  13564   25.4   32.0  3.324    1.7   18.5 
      0 1996  213   6898   23.0   26.1  2.840    3.8   15.1 
      0 1996  214  16673   23.0   30.6  2.889    3.2    3.0 
      0 1996  215  15867   24.7   30.4  3.100    4.7    8.8 
      0 1996  216   1856   24.5   26.4  3.194    5.4   70.5 
      0 1996  217   4175   25.1   30.2  3.265    3.3  121.2 
      0 1996  218   5036   24.5   28.6  3.228    1.9   38.3 
      0 1996  219  14659   24.5   31.5  3.512    1.5    6.2 
      0 1996  220  17291   25.3   31.8  3.530    1.2    3.4 
      0 1996  221  18425   25.1   32.4  3.444    2.0   10.6 
      0 1996  222  10813   24.8   30.7  3.253    2.6    6.1 
      0 1996  223  15331   24.9   31.5  3.280    1.7   14.0 
      0 1996  224  16366   23.7   29.3  2.880    1.1    1.0 
      0 1996  225  19667   22.3   30.1  2.959    1.2    0.9 
      0 1996  226  19177   22.6   29.7  2.885    1.3    0.5 
      0 1996  227  18321   21.7   29.4  2.815    1.3    1.4 
      0 1996  228  20457   21.7   31.0  3.070    1.2    0.9 
      0 1996  229  20808   23.4   31.6  3.079    1.5    1.9 
      0 1996  230  22354   23.0   31.2  3.039    1.7    1.2 
      0 1996  231  21912   22.3   30.6  2.882    1.7    0.5 
      0 1996  232  21516   22.1   30.4  2.762    1.8    0.2 
      0 1996  233  24192   20.2   30.4  2.440    2.2   -0.0 
      0 1996  234  19357   22.8   28.4  2.536    3.9    0.4 
      0 1996  235  13501   22.5   29.7  2.470    2.5    0.4 
      0 1996  236   4852   18.8   22.7  1.671    5.6    0.9 
      0 1996  237   5615   18.1   21.3  1.644    2.5    0.8 
      0 1996  238   5090   18.3   21.0  1.949    2.0    2.5 
      0 1996  239   5675   18.3   21.2  1.887    1.6    2.8 
      0 1996  240  15287   17.7   25.8  1.990    1.0    2.4 
      0 1996  241  20625   17.3   27.9  2.254    1.8    0.0 
      0 1996  242  20385   18.8   29.4  2.419    1.8    3.8 
      0 1996  243  20389   18.7   28.3  2.352    2.1    0.1 
      0 1996  244  20280   20.2   28.6  2.335    1.7    0.1 
      0 1996  245  22232   18.5   30.0  2.303    1.3   -0.0 
      0 1996  246  18805   18.1   30.5  2.133    3.1    3.3 
      0 1996  247   5296   17.1   19.8  1.638    2.2    0.6 
      0 1996  248   7375   15.5   21.2  1.828    0.9    9.5 
      0 1996  249   2705   17.7   20.3  1.979    0.7   29.1 
      0 1996  250  15540   15.7   25.3  2.072    1.0    0.0 
      0 1996  251  12099   16.3   25.2  2.136    1.3    0.1 
      0 1996  252   8828   18.3   25.1  2.122    1.5    0.1 
      0 1996  253  11728   17.1   25.3  2.149    1.9   -0.0 
      0 1996  254   6896   18.9   23.2  2.109    2.2    0.8 
      0 1996  255   7902   18.5   23.0  2.156    1.5    4.3 
      0 1996  256  19122   18.4   28.9  2.386    1.9   -0.0 
      0 1996  257  20404   19.3   30.6  2.632    1.5    0.9 
      0 1996  258  19824   20.0   28.9  2.508    1.6    0.0 
      0 1996  259  17080   20.2   29.2  2.466    1.5    0.7 
      0 1996  260  21054   17.4   28.3  1.909    2.6   -0.0 
      0 1996  261   3162   18.6   21.9  2.087    5.2   54.8 
      0 1996  262  10314   18.1   24.3  1.947    1.7    1.4 
      0 1996  263  19424   15.6   28.6  1.943    1.5   -0.0 
      0 1996  264  20979   16.1   25.1  1.408    1.8   -0.0 
      0 1996  265  19480   14.4   26.7  1.729    2.5   -0.0 
      0 1996  266  19421   15.8   28.5  2.028    1.1   -0.0 
      0 1996  267  20276   17.2   30.3  2.131    2.2   -0.0 
      0 1996  268  20104   17.5   28.8  2.023    1.7   -0.0 
      0 1996  269  16064   16.8   27.5  2.058    2.3    0.3 
      0 1996  270  13656   19.5   25.2  2.081    3.4    0.8 
      0 1996  271  15914   18.1   25.2  1.869    3.1    0.4 
      0 1996  272  17025   17.4   25.1  1.666    1.2    0.0 
      0 1996  273  13738   16.1   25.0  1.646    0.8    0.0 
      0 1996  274  16322   14.5   25.7  1.667    2.8    0.0 
      0 1996  275   6370   15.0   20.7  1.514    2.8    2.7 
      0 1996  276  16527   11.7   24.0  1.575    2.4   -0.0 
      0 1996  277  15981   13.7   22.2  1.400    1.6    0.0 
      0 1996  278  15589   12.9   24.1  1.488    1.6   -0.0 
      0 1996  279   1750   13.1   20.0  1.600    1.9   18.0 
      0 1996  280   6849   11.2   15.9  1.253    1.3   -0.0 
      0 1996  281  14567    9.2   20.2  1.126    1.3   -0.0 
      0 1996  282  18089    8.1   22.3  1.140    1.8   -0.0 
      0 1996  283  18265   10.9   22.2  1.228    1.0   -0.0 
      0 1996  284  15673   10.6   22.0  1.252    1.1    0.0 
      0 1996  285  16830   11.7   23.4  1.397    1.3    0.0 
      0 1996  286  16083   12.4   23.0  1.463    1.1   -0.0 
      0 1996  287  16610   11.7   25.4  1.479    2.4    0.0 
      0 1996  288  17113   10.8   23.5  1.236    1.8   -0.0 
      0 1996  289  16839   10.2   23.8  1.177    3.0   -0.0 
      0 1996  290   3393   13.1   17.2  1.232    3.1    1.7 
      0 1996  291  13543   11.5   23.2  1.431    2.0    3.5 
      0 1996  292  15525    9.5   23.6  1.364    2.3    0.0 
      0 1996  293   9626   13.7   21.6  1.416    2.4    0.3 
      0 1996  294  15575   11.8   21.4  1.230    1.9    0.1 
      0 1996  295  15622    9.1   20.1  1.130    1.8   -0.0 
      0 1996  296  10970   11.0   21.8  1.316    1.3    0.2 
      0 1996  297   5875   12.0   20.4  1.409    1.0    4.1 
      0 1996  298   9122   11.4   19.0  1.363    1.3    2.5 
      0 1996  299  13029   10.6   21.4  1.019    2.5   -0.0 
      0 1996  300  15557    5.3   16.2  0.696    2.4   -0.0 
      0 1996  301  15010    6.6   20.5  0.967    3.0   -0.0 
      0 1996  302  15174    9.6   25.8  1.174    2.9   -0.0 
      0 1996  303  14435   12.1   24.5  1.317    2.2   -0.0 
      0 1996  304   5386   10.7   17.4  0.986    6.9    0.9 
      0 1996  305   1996    7.4   10.6  0.891    5.0   16.7 
      0 1996  306   8017    5.9   12.6  0.920    1.2    3.7 
      0 1996  307  12310    4.4   16.7  1.055    2.2    0.0 
      0 1996  308   9589    5.9   15.4  1.111    1.4    0.5 
      0 1996  309   8887    9.3   17.7  1.250    1.9    0.0 
      0 1996  310  11601    8.9   20.2  1.308    2.3    0.0 
      0 1996  311   4066    4.8   14.8  0.634    6.3    3.2 
      0 1996  312   2991    3.9    7.2  0.804    0.9    5.5 
      0 1996  313   6971    6.4   13.6  1.025    1.8    0.1 
      0 1996  314  12873    3.2   18.5  1.048    1.7   -0.0 
      0 1996  315   6250    7.9   14.0  1.154    1.3    0.1 
      0 1996  316   7528    9.1   14.9  1.089    3.5    0.5 
      0 1996  317   9452    4.6   10.2  0.637    5.2    2.4 
      0 1996  318  10155    3.4    8.0  0.472    1.3    0.1 
      0 1996  319   3922    3.9    7.8  0.668    2.2    0.7 
      0 1996  320   8234    4.2    9.2  0.536    1.5    0.2 
      0 1996  321   3073    2.6    5.1  0.693    2.5    3.3 
      0 1996  322  11940    1.8   10.4  0.405    3.9   -0.0 
      0 1996  323  12644   -2.7   13.5  0.450    3.0   -0.0 
      0 1996  324   9435   -0.2   13.8  0.587    2.5   -0.0 
      0 1996  325  12369    2.0   16.8  0.548    3.4   -0.0 
      0 1996  326   9563    0.6    9.5  0.498    2.0   -0.0 
      0 1996  327  12039   -0.9   14.8  0.584    2.5   -0.0 
      0 1996  328  12106   -0.7   12.6  0.470    2.2   -0.0 
      0 1996  329  11936    1.1   14.8  0.551    2.1   -0.0 
      0 1996  330   3711    1.9   11.0  0.668    0.7    0.2 
      0 1996  331  10999    0.7   15.0  0.622    2.5    0.0 
      0 1996  332  11530   -2.6    7.1  0.337    1.4   -0.0 
      0 1996  333   7241   -0.6    7.5  0.456    1.2   -0.0 
      0 1996  334  11487   -2.9    7.6  0.302    3.3   -0.0 
      0 1996  335  11823   -4.5    7.0  0.211    2.8   -0.0 
      0 1996  336  11522   -5.8    5.5  0.287    1.3   -0.0 
      0 1996  337  10421   -1.6    7.9  0.411    1.7   -0.0 
      0 1996  338   7791    1.0    9.7  0.566    1.2    1.3 
      0 1996  339   6964    1.9    8.8  0.659    1.4    0.3 
      0 1996  340   9007   -2.3    3.5  0.232    3.5   -0.0 
      0 1996  341  11286   -2.4    7.7  0.173    4.1   -0.0 
      0 1996  342  10884   -4.9    8.8  0.290    2.7   -0.0 
      0 1996  343   9124   -3.8   10.4  0.387    1.9   -0.0 
      0 1996  344  10382   -3.3   11.4  0.287    2.9   -0.0 
      0 1996  345  10979   -2.7   12.7  0.312    3.0   -0.0 
      0 1996  346  10748   -3.9   11.1  0.381    1.9   -0.0 
      0 1996  347  10809   -2.5   13.1  0.374    2.4   -0.0 
      0 1996  348  10825   -1.7   15.4  0.368    2.5   -0.0 
      0 1996  349  10869   -2.6   13.8  0.451    1.3   -0.0 
      0 1996  350   8835    2.5   14.3  0.537    1.4   -0.0 
      0 1996  351   6547   -0.4    8.6  0.426    3.1   -0.0 
      0 1996  352  10321   -3.9    5.1  0.305    2.4   -0.0 
      0 1996  353  10688   -5.4    6.4  0.343    2.0   -0.0 
      0 1996  354  10973   -5.8    9.0  0.289    1.5   -0.0 
      0 1996  355   9825   -3.8   12.8  0.302    2.8   -0.0 
      0 1996  356  10698   -3.3   14.6  0.351    3.1   -0.0 
      0 1996  357  10867   -2.8   11.6  0.364    2.1   -0.0 
      0 1996  358  10635   -2.8   12.3  0.390    2.9   -0.0 
      0 1996  359  10798    0.8   17.9  0.484    2.9   -0.0 
      0 1996  360  10638    0.5   11.7  0.457    2.4   -0.0 
      0 1996  361  10564   -0.0   11.6  0.524    1.9   -0.0 
      0 1996  362  10723   -1.7   12.5  0.500    2.6   -0.0 
      0 1996  363  10810   -2.1   13.4  0.499    3.0   -0.0 
      0 1996  364  10860   -3.2   12.3  0.493    1.3   -0.0 
      0 1996  365  10786   -1.9   10.1  0.514    2.1    0.0 
      0 1996  366   6279   -1.2    7.6  0.602    1.5    0.3 
