*---------------------------------------------------------------------------*
*Station name: 35.135916 113.763737
* Column  Daily value
* 1       station number
* 2       year
* 3       day
* 4       irradiation                   (kJ m-2 d-1)
* 5       minimum temperature           (degrees Celsius)
* 6       maximum temperature           (degrees Celsius)
* 7       early morning vapour pressure (kPa)
* 8       mean wind speed (height: 2 m) (m s-1)
* 9       precipitation                 (mm d-1)
*
* era5
* Created by era2cabo, by Alex 
* File created: 2019-05-11 00:58:34.963506
** WCCFORMAT=2
*---------------------------------------------------------------------------*
113.763737  35.135916  50.000000  -0.180000  -0.550000 
      0 2001    1   6736    0.9   11.3  0.382    3.5    0.0 
      0 2001    2   9801   -3.6    9.3  0.419    1.5    0.0 
      0 2001    3  11089   -3.9    3.8  0.315    2.9    0.0 
      0 2001    4   5794   -4.2    1.5  0.334    1.8    0.0 
      0 2001    5   4355   -2.4    2.4  0.439    3.0    1.2 
      0 2001    6   2350   -1.7    0.6  0.481    4.6   12.8 
      0 2001    7   9839   -5.1    3.9  0.485    1.9    0.9 
      0 2001    8   2626   -1.6    1.7  0.590    1.6    6.9 
      0 2001    9  10636   -5.9    3.6  0.498    2.0    0.1 
      0 2001   10  11987   -5.4   10.2  0.440    2.6    0.0 
      0 2001   11  11688   -5.4    3.7  0.374    2.4    0.0 
      0 2001   12   7686   -7.1    6.7  0.378    2.3    0.0 
      0 2001   13  11547   -6.3    2.3  0.337    2.7    0.0 
      0 2001   14  12541   -8.0    1.7  0.298    1.4    0.1 
      0 2001   15  12308   -9.2    1.6  0.297    1.5    0.0 
      0 2001   16  12126   -7.1    4.4  0.367    1.0    0.0 
      0 2001   17  12519   -5.8    6.7  0.434    1.0    0.0 
      0 2001   18   6177   -3.5    5.3  0.451    2.2    0.1 
      0 2001   19   9334   -3.1    3.6  0.429    1.4    0.5 
      0 2001   20  12648   -5.1    5.7  0.461    1.5    0.0 
      0 2001   21   5234   -2.3    4.1  0.524    1.6    0.5 
      0 2001   22   5699   -1.6    3.0  0.449    3.6    0.3 
      0 2001   23   3828   -2.6   -0.4  0.388    4.9    4.4 
      0 2001   24   8121   -3.5    2.7  0.421    2.3    1.9 
      0 2001   25   4556   -3.0    0.8  0.374    3.5    2.1 
      0 2001   26  13459   -5.5    6.6  0.412    2.1    0.1 
      0 2001   27  11535   -5.3   10.2  0.346    2.4    0.0 
      0 2001   28  14346   -4.7    5.5  0.223    2.4    0.0 
      0 2001   29  14265   -5.1   10.2  0.307    2.6    0.0 
      0 2001   30  14260   -5.7    8.7  0.369    1.5    0.0 
      0 2001   31  11462   -0.3   10.1  0.358    2.5    0.0 
      0 2001   32  14438   -4.2    7.0  0.350    2.3    0.0 
      0 2001   33  13704   -4.8   10.5  0.473    2.0    0.0 
      0 2001   34  10096   -1.8    6.7  0.532    3.1    0.0 
      0 2001   35  13698   -3.7    5.6  0.473    2.1    0.0 
      0 2001   36   2789   -1.5    0.8  0.456    4.1    6.3 
      0 2001   37   8807   -4.8    0.6  0.354    4.0    0.7 
      0 2001   38  12726   -5.9    0.8  0.319    1.9    0.1 
      0 2001   39  15304   -6.2    8.4  0.466    2.5    0.0 
      0 2001   40  15324   -5.8   10.9  0.404    1.5    0.0 
      0 2001   41  14980   -4.3    8.4  0.428    3.4    0.0 
      0 2001   42   3999   -2.2    1.7  0.412    6.2    5.2 
      0 2001   43   6476   -2.9    1.2  0.426    3.0    3.0 
      0 2001   44  14640   -3.8   10.5  0.465    2.2    0.2 
      0 2001   45  16256   -4.1   12.9  0.492    3.0    0.0 
      0 2001   46  16702   -2.0   12.6  0.421    2.3    0.0 
      0 2001   47  16735   -3.7    7.9  0.370    1.6    0.0 
      0 2001   48  11556    1.2   11.0  0.584    1.6    0.4 
      0 2001   49  16565   -0.2   15.8  0.715    1.4    0.0 
      0 2001   50  10194    3.1   15.0  0.823    2.6    0.0 
      0 2001   51   8877    4.7   12.3  0.882    1.8    0.1 
      0 2001   52  17279    0.7   18.0  0.872    1.7    0.0 
      0 2001   53  11227    3.3   14.5  0.983    1.2    7.7 
      0 2001   54   7700   -0.7   10.2  0.556    5.7    2.1 
      0 2001   55  14168   -2.5    5.1  0.434    1.7    0.0 
      0 2001   56  17537   -1.4    8.1  0.490    1.8    0.0 
      0 2001   57   6381   -1.9    5.0  0.554    1.0    1.4 
      0 2001   58  15887   -1.3   12.8  0.697    1.6    0.0 
      0 2001   59  13214   -0.2   14.7  0.688    2.6    0.0 
      0 2001   60  18932   -1.7   17.9  0.609    2.0    0.0 
      0 2001   61  11865    6.6   17.7  0.800    2.2    0.0 
      0 2001   62  19665    2.5   13.0  0.203    5.1    0.0 
      0 2001   63  19956   -0.6   14.4  0.296    3.0    0.0 
      0 2001   64  16437    2.9   18.2  0.595    1.7    0.0 
      0 2001   65  17906    1.5   14.7  0.452    2.0    0.0 
      0 2001   66  19846   -1.4   10.9  0.254    2.5    0.0 
      0 2001   67  20737   -5.8   10.2  0.235    3.0    0.0 
      0 2001   68  20572   -2.7   17.5  0.400    3.5    0.0 
      0 2001   69  20388   -1.1   12.8  0.460    3.7    0.0 
      0 2001   70  19965    1.2   19.1  0.589    1.5    0.0 
      0 2001   71  20808    0.0   17.8  0.656    1.6    0.0 
      0 2001   72  19241    7.7   21.9  0.875    1.8    0.0 
      0 2001   73  20825    6.6   19.4  0.673    3.7    0.0 
      0 2001   74  16203    3.4   12.3  0.512    1.8    0.0 
      0 2001   75   9116    2.7    8.6  0.690    1.6    2.2 
      0 2001   76  20315    2.3   21.3  0.641    3.0    0.0 
      0 2001   77  17803    3.6   20.8  0.555    2.7    0.0 
      0 2001   78  19389    3.9   23.7  0.543    3.5    0.0 
      0 2001   79  22331    6.0   24.3  0.516    3.1    0.0 
      0 2001   80  22201    6.6   27.9  0.612    3.3    0.0 
      0 2001   81  19355    9.8   17.6  0.350    3.3    0.0 
      0 2001   82  21031    6.0   21.8  0.618    2.9    0.0 
      0 2001   83  17330    9.8   25.3  0.896    2.1    0.0 
      0 2001   84  22337    9.5   18.7  0.646    3.8    0.0 
      0 2001   85  20727    6.1   16.0  0.579    3.5    0.1 
      0 2001   86  17303    1.4    9.5  0.460    4.7    0.8 
      0 2001   87  22187   -0.9   15.2  0.336    2.5    0.0 
      0 2001   88  23650   -2.0   21.1  0.381    3.3    0.0 
      0 2001   89  23481    6.9   14.9  0.361    5.2    0.0 
      0 2001   90  23055    2.7   15.5  0.515    2.5    0.0 
      0 2001   91  23357    4.0   21.0  0.762    3.1    0.0 
      0 2001   92  21927    8.7   25.9  1.007    4.1    0.0 
      0 2001   93  14135   10.5   17.9  0.507    3.6    0.0 
      0 2001   94  21298    7.7   19.9  0.691    2.5    0.0 
      0 2001   95  21947    8.3   21.5  0.797    4.1    0.0 
      0 2001   96  19431    8.7   16.4  0.740    2.7    0.1 
      0 2001   97  23834    6.4   22.9  1.135    2.7    0.0 
      0 2001   98  17951   10.9   23.3  1.394    2.4    0.6 
      0 2001   99   7852   11.0   18.7  1.295    2.1    3.4 
      0 2001  100  12998    6.4   14.9  0.791    1.8    4.8 
      0 2001  101  25598    4.6   18.1  0.432    4.0    0.0 
      0 2001  102  25477    4.8   22.1  0.605    3.6    0.0 
      0 2001  103  19466    8.4   19.2  0.809    3.0    0.0 
      0 2001  104  25704    5.7   23.0  0.756    3.4    0.0 
      0 2001  105  26177    6.1   25.7  0.676    3.3    0.0 
      0 2001  106  24834   10.7   29.7  1.026    2.0    0.0 
      0 2001  107  25532   10.5   29.5  1.148    2.2    0.0 
      0 2001  108  23064   16.8   28.7  1.405    3.0    0.0 
      0 2001  109  23723   13.1   22.4  1.077    6.7    0.0 
      0 2001  110  14830   10.9   17.8  0.394    5.5    0.0 
      0 2001  111  13006   10.6   18.8  0.705    1.4    0.0 
      0 2001  112  26212    5.9   22.4  0.744    2.4    0.0 
      0 2001  113   5907    9.5   16.9  0.901    3.2    0.3 
      0 2001  114  20354    5.4   18.9  0.664    2.4    0.0 
      0 2001  115  25894    4.7   21.0  0.706    1.4    0.0 
      0 2001  116  22534   10.7   23.8  1.101    2.1    0.0 
      0 2001  117  15664   13.8   22.9  1.376    1.7    0.2 
      0 2001  118  14507   11.7   22.9  1.426    3.0    0.1 
      0 2001  119   9895   13.3   21.0  1.385    2.7    0.1 
      0 2001  120  17881   11.0   23.5  1.202    1.3    0.0 
      0 2001  121  26799    9.9   28.1  1.065    2.6    0.0 
      0 2001  122  23253   13.9   29.1  1.312    1.6    0.0 
      0 2001  123  22162   13.1   27.9  1.466    1.3    0.0 
      0 2001  124  10420   15.1   24.9  1.502    1.5    0.0 
      0 2001  125  26961   13.5   28.7  1.431    2.6    0.0 
      0 2001  126  23108   14.8   27.9  1.650    1.8    0.1 
      0 2001  127  16795   17.3   25.0  1.756    1.7    7.3 
      0 2001  128  27055   13.1   32.0  1.378    2.8    0.0 
      0 2001  129  24235   12.2   26.0  0.936    2.7    0.0 
      0 2001  130  23936   13.6   30.0  1.257    2.8    0.4 
      0 2001  131  26443   16.9   28.6  1.247    2.9    0.0 
      0 2001  132  21970   17.3   30.3  1.547    1.4    0.2 
      0 2001  133  23929   18.9   31.5  1.614    2.0    0.0 
      0 2001  134  21880   18.0   33.2  1.724    1.6    0.3 
      0 2001  135  27643   15.0   28.5  1.068    2.2    0.0 
      0 2001  136  16021   15.0   29.4  1.117    3.4    0.0 
      0 2001  137  22992   14.7   30.6  1.328    4.1    0.0 
      0 2001  138  28443   15.2   31.8  1.316    2.2    0.0 
      0 2001  139  27440   16.8   35.3  1.379    3.0    0.0 
      0 2001  140  25365   19.5   35.4  1.487    2.2    0.0 
      0 2001  141  21490   20.8   32.0  1.957    2.2    0.1 
      0 2001  142  26747   18.6   30.8  2.085    1.6    0.0 
      0 2001  143  26465   18.7   33.4  1.915    1.3    0.0 
      0 2001  144   7930   19.0   27.7  1.782    2.9    0.0 
      0 2001  145  21747   15.5   32.1  1.631    1.8    0.0 
      0 2001  146  18777   20.3   28.9  1.485    2.7    0.0 
      0 2001  147  23630   17.5   29.8  1.435    1.9    0.0 
      0 2001  148  25246   17.0   34.3  1.528    2.5    0.0 
      0 2001  149  15460   20.6   31.1  1.651    3.0    0.0 
      0 2001  150  18805   17.5   26.2  1.394    4.0    0.0 
      0 2001  151  25709   13.6   30.2  1.144    2.1    0.0 
      0 2001  152  27494   16.1   34.3  1.071    2.2    0.0 
      0 2001  153  26415   18.6   34.3  1.311    2.0    0.0 
      0 2001  154  24643   21.8   32.1  1.627    2.8    0.1 
      0 2001  155  27763   17.4   32.4  1.505    1.9    0.0 
      0 2001  156  27980   17.9   33.6  1.522    2.1    0.0 
      0 2001  157  26705   21.2   35.1  1.797    2.5    1.3 
      0 2001  158  27123   22.2   35.6  1.677    2.2    0.0 
      0 2001  159  23326   22.2   33.8  1.963    1.9    0.0 
      0 2001  160  10019   22.2   30.1  2.201    2.2    3.9 
      0 2001  161  22415   21.9   33.5  1.808    2.8    0.0 
      0 2001  162  22693   21.4   33.8  1.777    1.0    0.0 
      0 2001  163  10521   22.1   28.0  1.894    1.4    0.3 
      0 2001  164  25322   18.6   32.6  1.741    1.9    0.0 
      0 2001  165  24816   19.5   32.9  1.973    2.2    0.3 
      0 2001  166  14238   22.8   32.4  2.309    2.9    0.5 
      0 2001  167  16080   22.0   30.7  2.236    2.6    1.0 
      0 2001  168  22144   20.2   33.0  2.364    1.7    0.0 
      0 2001  169  23588   21.9   31.7  2.364    1.3    0.1 
      0 2001  170  25441   20.6   35.3  2.412    1.9    6.4 
      0 2001  171  16195   22.6   31.3  2.437    1.8    2.0 
      0 2001  172  19662   21.8   30.9  2.383    1.4    9.9 
      0 2001  173  25303   20.6   33.1  2.304    1.6    2.6 
      0 2001  174  20086   20.4   29.0  2.357    2.8    5.3 
      0 2001  175  22384   21.0   29.7  2.435    1.8    5.1 
      0 2001  176  22765   20.5   31.0  2.405    1.2    0.3 
      0 2001  177  24883   21.1   33.7  2.413    2.1    0.0 
      0 2001  178  26237   25.4   36.4  2.547    2.0    0.0 
      0 2001  179  12627   25.3   33.3  3.157    1.7   12.1 
      0 2001  180  14723   23.9   30.7  2.884    1.7   32.2 
      0 2001  181  28420   22.2   34.8  2.813    2.9    0.0 
      0 2001  182  27842   23.2   36.8  2.964    2.2    0.0 
      0 2001  183  21479   27.1   35.3  3.120    1.6    0.4 
      0 2001  184  11115   25.3   30.6  2.856    1.1    6.9 
      0 2001  185  26128   22.1   33.7  2.781    1.6    0.0 
      0 2001  186  28307   21.5   33.1  2.591    3.1    0.0 
      0 2001  187  27316   24.7   33.0  2.532    3.6    0.0 
      0 2001  188  28355   22.4   32.5  2.382    1.8    0.0 
      0 2001  189  25774   21.5   35.9  2.701    1.6    0.0 
      0 2001  190  19132   25.7   36.1  3.035    3.0    7.7 
      0 2001  191  14405   25.0   29.6  2.576    1.2    1.7 
      0 2001  192   7904   21.3   28.2  2.657    1.7    3.3 
      0 2001  193  27920   19.2   35.0  2.668    1.8    0.0 
      0 2001  194  27144   23.0   34.4  2.778    1.5    0.0 
      0 2001  195  23598   24.9   32.7  2.445    3.0    0.0 
      0 2001  196  24545   22.8   33.3  2.530    2.0    0.0 
      0 2001  197  26190   23.0   33.7  2.497    1.7    0.0 
      0 2001  198  27197   23.0   34.2  2.138    1.7    0.0 
      0 2001  199  25194   22.4   33.4  2.047    1.8    0.0 
      0 2001  200  21778   23.7   34.6  2.452    1.5    0.0 
      0 2001  201  13622   25.3   32.1  2.891    3.2    8.7 
      0 2001  202  11530   24.5   29.2  2.880    1.8    6.6 
      0 2001  203  13370   24.3   31.1  3.032    1.8    1.8 
      0 2001  204  12779   24.1   30.5  3.051    1.3   39.2 
      0 2001  205   9333   23.6   29.7  2.897    1.7   43.4 
      0 2001  206  19656   24.0   32.3  3.172    1.4    3.2 
      0 2001  207   8831   24.8   29.0  3.093    2.4   43.1 
      0 2001  208   4907   19.5   24.7  2.431    3.8   28.8 
      0 2001  209  15908   19.5   26.6  2.431    1.5   11.1 
      0 2001  210   9565   21.6   29.2  2.657    1.5    2.8 
      0 2001  211  15907   20.6   27.7  2.369    1.5    1.8 
      0 2001  212  23478   18.6   30.5  2.612    1.3    0.1 
      0 2001  213  22590   20.5   30.4  2.678    2.1    0.3 
      0 2001  214  20918   20.8   29.1  2.601    1.2    0.1 
      0 2001  215  24096   21.5   30.4  2.634    2.1    0.0 
      0 2001  216  21718   22.2   31.5  2.934    1.7    1.1 
      0 2001  217  21531   23.3   32.4  3.263    1.4    0.3 
      0 2001  218  20050   25.6   34.5  3.486    1.4    4.4 
      0 2001  219  18607   25.8   33.8  3.229    2.3    9.9 
      0 2001  220  17927   24.7   29.5  2.460    3.5    0.0 
      0 2001  221  15702   21.9   28.7  2.346    1.3    0.0 
      0 2001  222  25226   18.9   30.4  2.297    1.1    0.0 
      0 2001  223  20891   20.6   29.4  2.271    1.6    0.0 
      0 2001  224  23446   18.7   29.6  2.095    1.0    0.0 
      0 2001  225  22198   18.1   29.8  2.173    1.1    0.0 
      0 2001  226  22317   21.3   30.6  2.467    1.6    2.0 
      0 2001  227  19929   21.4   29.9  2.529    2.5   12.2 
      0 2001  228  16318   21.6   28.3  2.596    1.5    0.5 
      0 2001  229  20189   21.7   30.0  2.729    1.5    0.8 
      0 2001  230  14762   22.8   29.1  2.836    2.4    2.2 
      0 2001  231  12580   23.4   29.1  2.871    1.7    3.4 
      0 2001  232   8646   22.4   26.6  2.599    1.9    0.3 
      0 2001  233  25762   18.5   32.8  2.542    1.8    0.0 
      0 2001  234  23670   19.7   34.7  2.588    2.2    0.0 
      0 2001  235  23680   19.7   33.8  2.419    1.6    0.0 
      0 2001  236  18357   22.5   33.4  2.752    1.6    0.0 
      0 2001  237  22185   23.8   30.8  2.536    3.7    0.0 
      0 2001  238  20619   22.0   29.2  2.149    3.8    0.0 
      0 2001  239  19638   20.1   28.4  1.860    2.4    0.0 
      0 2001  240  14967   19.5   28.3  1.850    2.1    0.0 
      0 2001  241   9808   21.0   26.4  1.962    1.5    0.9 
      0 2001  242  12901   20.0   25.3  2.137    2.4    1.1 
      0 2001  243  15171   19.7   26.6  2.205    1.1    0.7 
      0 2001  244  20833   18.1   28.7  2.189    1.0    0.0 
      0 2001  245  19477   18.4   29.4  2.076    1.8    0.2 
      0 2001  246  13464   20.4   28.6  2.188    1.2    0.2 
      0 2001  247  18924   18.7   29.0  2.160    1.3    0.0 
      0 2001  248  20130   20.5   31.2  2.161    1.9    0.3 
      0 2001  249  23140   18.5   30.0  1.723    2.3    0.0 
      0 2001  250  12986   18.6   27.2  1.641    1.1    0.0 
      0 2001  251  15745   19.8   28.0  1.841    1.8    0.0 
      0 2001  252  18290   16.9   27.8  1.788    1.8    0.0 
      0 2001  253  19840   20.2   28.2  1.609    3.1    0.0 
      0 2001  254  22952   16.3   27.7  1.347    2.7    0.0 
      0 2001  255  18685   17.4   28.5  1.529    1.7    0.0 
      0 2001  256  16940   18.9   28.8  1.924    1.1    0.0 
      0 2001  257  16380   18.8   29.1  2.138    1.7    0.0 
      0 2001  258  18718   20.6   29.6  2.116    1.0    0.0 
      0 2001  259  20639   20.0   31.4  2.024    1.8    0.0 
      0 2001  260   2063   22.4   26.4  1.958    2.9    5.8 
      0 2001  261   4026   20.8   23.2  1.073    4.2    0.0 
      0 2001  262   5854   17.3   21.3  1.033    5.6    0.0 
      0 2001  263   4348   16.1   18.6  1.453    1.1    1.0 
      0 2001  264   2353   15.8   17.6  1.641    2.8    8.2 
      0 2001  265   6966   16.0   22.6  1.595    1.8    0.1 
      0 2001  266  15846   14.9   25.2  1.697    1.3    0.0 
      0 2001  267  11838   19.5   26.0  2.069    1.7    6.7 
      0 2001  268  20425   15.4   24.9  1.378    2.5    0.0 
      0 2001  269  16932   16.8   25.0  1.426    1.6    0.1 
      0 2001  270  19865   13.2   26.5  1.435    2.1    0.0 
      0 2001  271  18788   16.7   24.7  1.576    4.1    0.0 
      0 2001  272   3940   15.3   19.9  1.603    2.1    1.7 
      0 2001  273  19059   12.3   26.2  1.404    1.3    0.0 
      0 2001  274  18735   11.3   27.5  1.209    1.6    0.0 
      0 2001  275   8253   15.5   23.7  1.449    2.3    0.4 
      0 2001  276  16903   12.0   22.7  1.309    3.0    0.1 
      0 2001  277  18654   10.0   19.7  1.065    1.6    0.0 
      0 2001  278  14954   11.5   22.4  1.135    1.7    0.0 
      0 2001  279   6131   11.6   19.4  1.198    1.8    1.3 
      0 2001  280   6242   13.9   20.4  1.425    2.2    1.1 
      0 2001  281  12277   10.8   23.9  1.307    2.9    0.0 
      0 2001  282  18923   10.3   25.0  0.883    3.0    0.0 
      0 2001  283  17523    8.5   22.9  0.958    1.4    0.0 
      0 2001  284  11030   13.1   22.4  1.153    1.6    1.5 
      0 2001  285   3850   15.1   20.4  1.431    3.1    3.7 
      0 2001  286   5003   15.3   19.8  1.432    1.7    0.8 
      0 2001  287   2599   15.2   18.8  1.475    1.4    0.3 
      0 2001  288  15917   10.8   23.1  1.493    1.3    0.0 
      0 2001  289  11764   14.2   23.4  1.416    2.2    0.0 
      0 2001  290  14883   10.7   21.4  1.104    1.3    0.0 
      0 2001  291  15699   11.9   23.1  1.149    1.7    0.0 
      0 2001  292   7681   10.5   20.7  1.178    1.2    0.1 
      0 2001  293   8970   14.8   20.2  1.250    1.0    0.0 
      0 2001  294  14822   12.1   22.5  1.294    1.4    0.0 
      0 2001  295  15642   11.4   25.0  1.425    1.1    0.0 
      0 2001  296  15451   11.5   24.1  1.455    1.3    0.0 
      0 2001  297  11740   12.5   23.8  1.578    1.5    3.5 
      0 2001  298   2351   13.7   17.8  1.729    3.3   25.3 
      0 2001  299   9321   13.6   20.2  1.497    3.3    0.2 
      0 2001  300  12226   13.9   23.3  1.459    2.2    0.1 
      0 2001  301  15089    9.6   19.0  0.973    2.7    0.0 
      0 2001  302  15150    7.1   17.9  0.900    1.3    0.0 
      0 2001  303  13970    9.2   18.9  0.986    1.8    0.0 
      0 2001  304  10094   10.7   22.0  1.275    1.8    1.0 
      0 2001  305   9219    8.1   15.4  0.528    3.9    0.0 
      0 2001  306   2006    6.6   11.1  0.861    1.1    0.9 
      0 2001  307   5095    9.3   14.2  1.113    2.1    0.1 
      0 2001  308   4041   10.2   13.9  1.152    1.8    2.3 
      0 2001  309  14343    5.2   16.3  0.725    1.4    0.0 
      0 2001  310  10544    3.2   13.7  0.638    1.8    0.0 
      0 2001  311  10015    7.2   15.6  0.728    2.5    0.0 
      0 2001  312  12682    5.0   18.1  0.820    2.5    0.0 
      0 2001  313  12535    6.2   13.9  0.716    2.2    0.0 
      0 2001  314  11899    3.2   16.5  0.808    2.8    0.0 
      0 2001  315  12985    4.0   18.9  0.779    2.1    0.0 
      0 2001  316  10860    5.2   15.0  0.811    1.7    0.3 
      0 2001  317  12993    2.9   15.0  0.613    3.5    0.0 
      0 2001  318  12973    0.0   14.6  0.532    2.8    0.0 
      0 2001  319  12843    1.0   13.8  0.515    2.3    0.0 
      0 2001  320  12733   -0.2   15.2  0.519    1.5    0.0 
      0 2001  321  12410    0.7   14.9  0.586    0.9    0.0 
      0 2001  322  12437    1.1   17.2  0.622    2.2    0.0 
      0 2001  323  12255    1.0   17.3  0.589    1.2    0.0 
      0 2001  324  12012    2.4   16.9  0.646    1.3    0.0 
      0 2001  325  12038    4.0   18.2  0.688    1.5    0.0 
      0 2001  326  10713    5.4   17.3  0.778    1.0    0.0 
      0 2001  327  11443    4.7   20.5  0.817    2.5    0.0 
      0 2001  328  11924    6.0   18.8  0.664    1.8    0.0 
      0 2001  329   8328    2.7    9.7  0.525    3.0    0.0 
      0 2001  330  11109   -2.4    9.3  0.329    1.6    0.0 
      0 2001  331  10290   -1.2   10.0  0.370    1.0    0.0 
      0 2001  332   9797    3.7   13.9  0.502    1.8    0.0 
      0 2001  333  10911    2.7   12.5  0.573    1.6    0.0 
      0 2001  334  10487    2.7   12.3  0.581    1.3    0.0 
      0 2001  335  10429    1.3   11.8  0.496    3.8    0.0 
      0 2001  336   1859    0.5    3.5  0.424    1.2    6.4 
      0 2001  337   6806    1.0    5.9  0.556    1.8    5.3 
      0 2001  338   1559   -1.5    2.7  0.509    2.4    5.9 
      0 2001  339   6299   -1.5    3.8  0.571    1.4    1.6 
      0 2001  340  10942   -6.1    5.5  0.345    1.3    0.0 
      0 2001  341   6417   -2.8    5.1  0.457    1.4    0.0 
      0 2001  342   9630   -3.9    6.5  0.526    1.5    0.0 
      0 2001  343   3509    1.5    3.8  0.551    2.6    2.0 
      0 2001  344   2731    1.0    3.1  0.530    3.6    1.8 
      0 2001  345   1992    0.8    2.7  0.605    2.7    5.5 
      0 2001  346  10038   -3.5    9.3  0.548    1.7    0.8 
      0 2001  347   9811   -5.1    3.9  0.262    1.8    0.0 
      0 2001  348  11028   -6.8    6.6  0.273    2.2    0.0 
      0 2001  349   6257   -4.1    4.4  0.403    1.5    0.0 
      0 2001  350   8832   -3.2    6.7  0.516    1.8    0.0 
      0 2001  351   7192   -1.4    4.2  0.363    3.7    0.2 
      0 2001  352   4362   -1.0    2.6  0.400    2.2    0.3 
      0 2001  353   2415   -0.8    1.6  0.442    2.5    1.4 
      0 2001  354   7901   -4.6    5.5  0.399    1.5    0.4 
      0 2001  355  11106   -6.7    4.5  0.268    2.1    0.0 
      0 2001  356  11001   -6.1    6.8  0.314    1.7    0.0 
      0 2001  357  10642   -4.7    4.5  0.313    1.7    0.0 
      0 2001  358  10898   -5.0    0.9  0.243    3.2    0.0 
      0 2001  359   9856   -7.3    2.0  0.238    2.0    0.0 
      0 2001  360   8707   -4.5    4.1  0.310    1.9    0.0 
      0 2001  361  10711   -5.0    5.7  0.361    1.3    0.0 
      0 2001  362  11081   -5.5    8.9  0.312    2.6    0.0 
      0 2001  363  11150   -4.6   11.4  0.334    2.2    0.0 
      0 2001  364  11118   -4.2   11.5  0.378    2.0    0.0 
      0 2001  365  11049   -2.8    8.6  0.374    2.2    0.0 
