*---------------------------------------------------------------------------*
*Station name: 35.135916 113.763737
* Column  Daily value
* 1       station number
* 2       year
* 3       day
* 4       irradiation                   (kJ m-2 d-1)
* 5       minimum temperature           (degrees Celsius)
* 6       maximum temperature           (degrees Celsius)
* 7       early morning vapour pressure (kPa)
* 8       mean wind speed (height: 2 m) (m s-1)
* 9       precipitation                 (mm d-1)
*
* era5
* Created by era2cabo, by Alex 
* File created: 2019-05-08 14:56:21.769847
** WCCFORMAT=2
*---------------------------------------------------------------------------*
113.763737  35.135916  50.000000  -0.180000  -0.550000 
      0 2007    1   9946   -3.8    5.2  0.536    1.1    0.0 
      0 2007    2  11073   -3.7    6.2  0.471    2.0    0.0 
      0 2007    3  10466   -2.7    6.2  0.422    1.8    0.0 
      0 2007    4   9832   -3.6    6.7  0.438    1.7    0.0 
      0 2007    5  10191   -4.3   10.8  0.345    3.0    0.0 
      0 2007    6  11903   -4.4    7.5  0.186    3.1    0.0 
      0 2007    7  10518   -6.1    6.0  0.240    1.6    0.0 
      0 2007    8  11813   -6.1    5.7  0.261    1.6    0.0 
      0 2007    9  11952   -5.0    9.3  0.292    2.2    0.0 
      0 2007   10  11737   -3.8    6.4  0.318    3.9    0.0 
      0 2007   11  10252   -2.2    4.6  0.388    2.9    0.0 
      0 2007   12   9252   -2.1    4.5  0.354    0.8    0.0 
      0 2007   13  11813   -2.7    6.4  0.396    1.2    0.0 
      0 2007   14   9131   -2.6    6.3  0.388    2.0    0.0 
      0 2007   15   8872   -2.4    6.3  0.434    1.4    0.0 
      0 2007   16  10189   -3.8    7.1  0.433    1.2    0.0 
      0 2007   17  12812   -4.8   11.0  0.303    2.3    0.0 
      0 2007   18  12693   -4.9    9.6  0.329    1.5    0.0 
      0 2007   19   9236   -2.0    8.5  0.390    1.1    0.0 
      0 2007   20  12422   -1.7   10.6  0.457    1.2    0.0 
      0 2007   21  12691   -3.1    9.4  0.484    2.1    0.0 
      0 2007   22   9261   -0.2    6.2  0.293    2.7    0.0 
      0 2007   23  12280   -1.9    9.0  0.348    1.3    0.0 
      0 2007   24  12172   -2.7    9.9  0.466    1.3    0.0 
      0 2007   25  13168   -2.6   13.7  0.390    3.0    0.0 
      0 2007   26  12760   -4.2   10.2  0.255    2.7    0.0 
      0 2007   27  13258    0.1    9.5  0.242    3.0    0.0 
      0 2007   28  13953   -4.9    9.1  0.248    2.3    0.0 
      0 2007   29  13804   -1.7   16.9  0.359    2.3    0.0 
      0 2007   30  14260   -1.0   10.7  0.313    2.4    0.0 
      0 2007   31  14221   -2.9    7.6  0.248    3.6    0.0 
      0 2007   32  14322   -3.6   10.9  0.250    1.7    0.0 
      0 2007   33  14317   -2.8   13.1  0.328    2.0    0.0 
      0 2007   34  14699   -1.5   14.1  0.270    3.4    0.0 
      0 2007   35  14182   -3.0   13.6  0.318    1.8    0.0 
      0 2007   36  14305    0.9   19.0  0.483    2.2    0.0 
      0 2007   37  12189    4.6   15.4  0.418    3.9    0.1 
      0 2007   38   1411    3.0    9.6  0.620    3.6    5.3 
      0 2007   39  12289    0.5   12.3  0.681    1.4    0.0 
      0 2007   40  15320   -2.4   16.6  0.559    2.0    0.0 
      0 2007   41  15351   -0.1   11.0  0.386    2.1    0.0 
      0 2007   42  15258    2.1   14.4  0.464    2.3    0.0 
      0 2007   43  14545    1.5   16.8  0.647    1.2    0.1 
      0 2007   44  13435    5.1   19.2  0.635    1.6    0.1 
      0 2007   45  15948   -0.4    8.4  0.233    2.4    0.0 
      0 2007   46  14120   -1.4   10.8  0.376    1.2    0.0 
      0 2007   47   8082    2.6    9.8  0.572    1.1    0.4 
      0 2007   48  10386    3.2   11.7  0.665    1.0    0.0 
      0 2007   49  13553   -0.2   13.3  0.655    1.5    0.0 
      0 2007   50  16541    1.2   16.4  0.689    2.5    0.0 
      0 2007   51  16349    1.7   18.5  0.748    1.2    0.0 
      0 2007   52  13255    5.5   18.1  0.846    1.5    0.0 
      0 2007   53  17012    3.6   20.6  0.666    2.3    0.0 
      0 2007   54  11292    6.1   13.4  0.432    3.4    0.3 
      0 2007   55  13342    4.5   17.7  0.852    2.2    1.0 
      0 2007   56  17190    2.0   16.9  0.880    1.7    0.0 
      0 2007   57  17434    3.3   17.8  0.870    1.9    0.0 
      0 2007   58  13313    4.5   14.5  0.754    3.9    0.0 
      0 2007   59   2134    5.5   10.1  0.787    5.2    9.3 
      0 2007   60   9591    5.4   12.6  0.777    2.3    1.6 
      0 2007   61   4728    6.0   10.2  0.798    3.4    4.2 
      0 2007   62    844    3.6    7.8  0.824    5.5   46.5 
      0 2007   63  12668    1.9   12.1  0.688    1.5    0.3 
      0 2007   64  17152   -1.4    5.9  0.468    2.5    0.0 
      0 2007   65  19310   -4.5    7.0  0.368    2.6    0.0 
      0 2007   66  19398   -4.6    9.7  0.432    1.9    0.0 
      0 2007   67  15972   -0.1   12.0  0.545    2.3    0.0 
      0 2007   68  18758    0.6   15.3  0.691    2.0    0.0 
      0 2007   69  20056    0.8   10.8  0.460    2.5    0.0 
      0 2007   70  18304   -2.5   10.5  0.373    2.4    0.0 
      0 2007   71  14552    1.6   12.7  0.564    2.2    0.0 
      0 2007   72  16406    1.2   14.9  0.731    2.0    0.8 
      0 2007   73   8382    7.6   13.9  0.820    3.4    0.8 
      0 2007   74   8745    7.4   13.2  0.898    3.7    4.4 
      0 2007   75   7119    4.8    9.8  0.781    2.9    5.2 
      0 2007   76  11793    1.2   11.6  0.739    1.5    0.1 
      0 2007   77  13702    2.3   12.1  0.749    1.8    0.0 
      0 2007   78  18522    3.0   14.8  0.709    2.2    0.0 
      0 2007   79  19392    2.4   16.3  0.777    2.2    0.0 
      0 2007   80  20648    4.9   18.4  0.922    1.2    0.0 
      0 2007   81  21189    4.8   18.0  0.937    1.4    0.0 
      0 2007   82  16875   10.8   21.1  1.181    1.8    0.0 
      0 2007   83  20256    6.9   20.5  0.986    1.9    0.0 
      0 2007   84  22063    4.9   24.0  0.873    2.8    0.0 
      0 2007   85  17554    9.0   25.4  0.828    2.7    0.0 
      0 2007   86  22284    7.6   21.5  0.819    2.2    0.0 
      0 2007   87  22304   11.1   21.4  1.013    2.5    0.0 
      0 2007   88  22664    9.4   27.7  1.072    2.2    0.0 
      0 2007   89   6390   10.5   15.4  0.861    3.7    0.4 
      0 2007   90  21712    7.6   22.6  1.013    2.2    0.0 
      0 2007   91  11891   12.2   21.7  0.901    1.4    0.1 
      0 2007   92  21615    5.3   15.2  0.350    2.5    0.0 
      0 2007   93  24614    1.2   17.2  0.370    2.4    0.0 
      0 2007   94  24404    2.5   20.1  0.470    2.6    0.0 
      0 2007   95  16945    9.4   20.3  0.715    2.0    0.0 
      0 2007   96  19820    6.1   22.5  0.747    1.3    0.0 
      0 2007   97  23975    5.2   21.3  0.584    2.8    0.0 
      0 2007   98  23318    4.6   21.3  0.556    2.6    0.0 
      0 2007   99  22238    8.1   24.9  0.874    2.8    0.0 
      0 2007  100  21755    8.3   22.3  0.931    2.8    0.0 
      0 2007  101  22595    8.4   26.6  1.200    2.1    0.1 
      0 2007  102  15499   11.2   28.0  1.261    1.7    0.0 
      0 2007  103  14817   10.0   19.8  1.200    2.1    0.0 
      0 2007  104  22737   11.5   24.5  1.077    3.2    0.2 
      0 2007  105  19202    9.0   17.1  0.812    3.2    3.5 
      0 2007  106  23197    5.6   19.4  0.832    2.0    0.0 
      0 2007  107  20639    9.9   21.7  0.965    1.7    0.0 
      0 2007  108  25588    7.6   25.6  1.016    3.0    0.0 
      0 2007  109  23816   14.9   28.9  1.506    2.6    0.0 
      0 2007  110  16048   17.1   28.0  1.279    2.1    0.0 
      0 2007  111  20447   13.6   27.1  1.224    2.3    0.0 
      0 2007  112  24547   13.3   21.9  0.718    5.8    0.0 
      0 2007  113  18983   10.2   19.3  0.877    2.1    0.0 
      0 2007  114  23047   11.6   24.3  0.940    2.3    0.0 
      0 2007  115  26757    9.7   27.3  0.662    2.7    0.0 
      0 2007  116  16826   11.2   27.2  0.957    1.3    0.0 
      0 2007  117  24671   12.7   24.3  0.911    3.1    0.0 
      0 2007  118  23364   10.9   26.5  1.175    1.8    0.0 
      0 2007  119  21973   12.8   27.0  1.217    3.1    0.0 
      0 2007  120  22991   12.8   28.5  1.312    2.8    1.1 
      0 2007  121  26299   11.0   24.8  1.158    1.6    0.0 
      0 2007  122  25426   10.0   29.2  1.156    2.2    0.0 
      0 2007  123  23306   15.1   28.6  1.336    2.6    0.0 
      0 2007  124  27240   12.6   32.7  1.137    2.6    0.0 
      0 2007  125  25791   14.0   28.4  0.834    4.4    0.0 
      0 2007  126  27141   12.6   29.5  0.978    2.8    0.0 
      0 2007  127  26215   17.4   33.3  1.404    2.3    0.0 
      0 2007  128  25365   17.1   34.4  1.768    2.0    0.0 
      0 2007  129  25170   13.7   24.4  0.874    6.1    0.0 
      0 2007  130  22374   11.1   26.0  1.323    2.0    0.0 
      0 2007  131  10830   18.3   27.2  1.476    3.6    1.5 
      0 2007  132  28378   11.3   29.0  0.687    3.4    0.0 
      0 2007  133  27610   11.5   31.1  1.013    2.9    0.0 
      0 2007  134  26026   15.1   32.1  1.499    1.6    0.0 
      0 2007  135  20032   21.0   32.8  1.869    3.3    0.0 
      0 2007  136  28027   19.1   31.9  0.848    3.4    0.0 
      0 2007  137  27866   17.1   36.0  1.020    3.2    0.0 
      0 2007  138  28336   14.6   26.4  0.710    3.0    0.0 
      0 2007  139  27956   12.3   28.5  0.953    2.3    0.0 
      0 2007  140  24699   16.6   32.6  1.621    2.7    0.0 
      0 2007  141  18909   20.7   27.4  1.563    5.6    0.1 
      0 2007  142  12328   19.5   26.4  2.043    2.9   22.1 
      0 2007  143  16277   18.7   26.5  2.096    1.9    5.2 
      0 2007  144  26350   18.4   30.5  1.659    1.8    0.1 
      0 2007  145  28395   15.1   33.3  1.285    3.1    0.0 
      0 2007  146  22236   17.9   33.7  1.488    2.5    0.0 
      0 2007  147  26037   17.8   37.1  1.730    1.8    0.0 
      0 2007  148  27217   21.7   34.2  1.625    2.9    0.0 
      0 2007  149  25456   20.0   32.4  1.501    4.5    0.0 
      0 2007  150  16209   23.2   33.0  2.004    2.4   16.6 
      0 2007  151  13215   18.8   24.8  2.018    3.6   31.3 
      0 2007  152  24925   16.7   27.5  1.936    1.5    0.0 
      0 2007  153  26832   16.5   28.0  2.007    1.9    0.0 
      0 2007  154  26282   17.3   28.8  2.038    2.1    0.0 
      0 2007  155  24440   18.4   29.5  1.976    2.1    0.0 
      0 2007  156  26495   19.7   31.2  2.060    1.5    0.0 
      0 2007  157  27352   21.5   33.4  1.975    1.9    0.0 
      0 2007  158  28967   20.3   34.9  1.698    1.1    0.0 
      0 2007  159  23989   20.2   34.9  1.695    1.1    0.0 
      0 2007  160  23674   22.2   35.8  1.687    2.6    0.0 
      0 2007  161  17705   22.7   30.8  1.775    2.0    0.0 
      0 2007  162  27879   18.7   32.0  1.678    1.5    0.0 
      0 2007  163  26105   19.2   33.3  1.812    1.4    0.0 
      0 2007  164  23915   20.7   32.0  1.957    2.1    0.8 
      0 2007  165  23062   21.8   30.3  1.851    3.0    0.1 
      0 2007  166  27404   19.0   33.1  1.628    2.0    0.0 
      0 2007  167  26426   20.7   32.4  1.776    2.1    0.0 
      0 2007  168  25282   21.0   31.9  1.783    1.9    0.0 
      0 2007  169   5416   20.8   27.5  1.865    2.2    6.5 
      0 2007  170   3024   19.2   21.8  1.973    2.8   22.9 
      0 2007  171   7428   20.5   24.6  2.032    2.1    3.7 
      0 2007  172  13269   19.2   27.1  2.151    1.3    3.1 
      0 2007  173   6186   21.0   24.8  2.351    1.3    5.6 
      0 2007  174  27079   18.5   32.4  2.465    2.6    0.0 
      0 2007  175  27032   19.5   33.2  2.419    1.4    0.0 
      0 2007  176  24557   22.2   34.8  2.798    1.7    0.0 
      0 2007  177  18981   25.4   33.9  3.040    1.4    0.0 
      0 2007  178  20284   24.0   31.0  2.670    1.5    2.0 
      0 2007  179  26001   22.1   33.1  2.550    1.7    0.0 
      0 2007  180  21570   23.6   34.8  2.820    2.0   12.4 
      0 2007  181  12456   22.7   30.5  2.636    2.3   22.1 
      0 2007  182  25112   20.5   31.1  2.526    1.2    0.2 
      0 2007  183  23041   21.2   31.5  2.426    1.1    0.0 
      0 2007  184  24319   23.9   30.8  2.418    1.8    0.0 
      0 2007  185  17986   22.3   30.5  2.405    1.9    0.2 
      0 2007  186   4581   21.9   24.4  2.376    1.1   13.2 
      0 2007  187  11881   21.7   26.7  2.538    1.4    6.4 
      0 2007  188  21962   20.5   30.0  2.742    1.3    0.0 
      0 2007  189  12864   23.5   30.2  2.854    1.8    0.0 
      0 2007  190  25698   21.0   32.7  2.762    2.3    0.0 
      0 2007  191  25590   23.2   33.6  2.686    1.3    0.0 
      0 2007  192  23140   24.8   35.6  2.806    2.2    0.9 
      0 2007  193  17888   24.6   31.5  2.634    3.0    2.6 
      0 2007  194   8505   22.9   28.7  2.622    1.8   13.3 
      0 2007  195   9980   22.4   27.0  2.402    1.3   10.8 
      0 2007  196  23383   20.3   29.3  2.408    1.3    0.4 
      0 2007  197  22188   21.0   31.6  2.824    1.7    0.1 
      0 2007  198  17222   23.6   32.7  3.299    1.7    2.8 
      0 2007  199  14531   25.9   34.1  3.424    2.2    2.0 
      0 2007  200   5867   22.8   28.1  2.470    3.6   21.6 
      0 2007  201   4199   20.7   25.0  2.111    1.7    4.0 
      0 2007  202  20351   18.2   28.5  2.413    1.8    0.0 
      0 2007  203  21034   19.5   27.8  2.369    1.8    0.0 
      0 2007  204  21387   19.4   29.0  2.318    1.7    0.0 
      0 2007  205  20110   21.4   29.5  2.392    1.5    0.1 
      0 2007  206  18854   20.2   28.4  2.437    1.1    0.8 
      0 2007  207  22694   21.4   30.5  2.512    1.4    0.0 
      0 2007  208  14585   23.2   31.2  2.871    1.7   22.0 
      0 2007  209  19654   22.7   32.1  2.926    1.5   24.6 
      0 2007  210  17613   23.7   31.6  3.002    3.0    3.1 
      0 2007  211  18674   23.9   32.1  2.991    2.4   11.2 
      0 2007  212  24360   23.8   33.0  3.143    2.8    1.9 
      0 2007  213  23097   24.5   34.7  3.238    1.6    0.0 
      0 2007  214   9315   24.4   28.0  2.799    3.3    4.5 
      0 2007  215  24051   21.1   29.8  2.343    1.8    0.0 
      0 2007  216  26038   19.6   30.3  2.457    1.3    0.0 
      0 2007  217  23004   22.0   31.3  2.781    1.2    0.0 
      0 2007  218   9183   24.4   28.7  2.952    2.1   21.6 
      0 2007  219  11563   24.3   30.3  3.134    1.7    4.2 
      0 2007  220  17208   23.9   33.1  3.456    1.4    0.0 
      0 2007  221   9804   25.5   33.4  3.391    0.8    2.0 
      0 2007  222  12045   22.5   27.4  2.680    2.4   24.7 
      0 2007  223  25854   19.5   31.0  2.391    2.1    0.0 
      0 2007  224  23036   18.3   30.6  2.456    1.4    0.1 
      0 2007  225  23700   21.2   32.8  2.563    1.3    0.0 
      0 2007  226  23272   20.2   31.5  2.394    1.3    0.3 
      0 2007  227  22872   21.1   31.0  2.524    2.2    0.8 
      0 2007  228  21146   21.9   29.7  2.460    2.4    0.8 
      0 2007  229  17253   20.6   29.0  2.425    2.0    0.3 
      0 2007  230  21421   21.4   30.9  2.522    1.7    0.0 
      0 2007  231  22875   20.8   31.3  2.488    2.1    0.0 
      0 2007  232  24228   20.6   32.3  2.602    1.3    0.0 
      0 2007  233  20094   22.9   32.9  2.855    3.0    0.4 
      0 2007  234  20546   26.6   32.7  2.643    5.2    0.6 
      0 2007  235  15685   25.5   31.5  2.167    3.0    0.0 
      0 2007  236  20311   24.4   34.1  2.809    1.5    0.3 
      0 2007  237  14186   25.4   33.3  3.062    2.1    3.7 
      0 2007  238  15649   23.1   32.5  2.768    3.3    2.1 
      0 2007  239  12585   22.5   28.4  1.998    3.8    0.0 
      0 2007  240  17308   21.2   30.1  2.100    2.9    0.0 
      0 2007  241   7718   22.3   26.1  1.824    3.7    0.3 
      0 2007  242   3618   19.3   22.2  1.930    3.8   15.2 
      0 2007  243   4622   17.6   22.6  1.939    3.1   11.0 
      0 2007  244  22933   15.7   27.8  1.916    1.7    0.0 
      0 2007  245  22051   17.7   29.7  2.021    1.7    0.0 
      0 2007  246  13768   20.2   26.2  2.047    3.2    2.3 
      0 2007  247  14881   19.5   26.7  1.769    2.5    3.7 
      0 2007  248  16650   17.1   27.2  1.614    1.3    0.1 
      0 2007  249  22780   14.9   28.9  1.623    2.2    0.0 
      0 2007  250  13290   17.9   27.5  1.728    1.3    0.2 
      0 2007  251  14846   17.4   28.4  1.736    1.5    0.0 
      0 2007  252  23174   14.5   29.7  1.579    2.2    0.0 
      0 2007  253  21779   16.9   29.9  1.773    2.1    0.0 
      0 2007  254  21157   17.0   29.3  1.792    1.0    0.0 
      0 2007  255  10156   19.2   28.0  2.014    0.8    0.1 
      0 2007  256   7090   19.8   26.3  2.130    2.0    1.8 
      0 2007  257  17573   17.8   28.4  2.131    1.8    0.2 
      0 2007  258  20150   16.9   29.9  2.133    1.4    0.0 
      0 2007  259  19154   19.0   31.2  2.076    1.4    0.1 
      0 2007  260  14109   19.8   30.3  1.893    1.9    0.1 
      0 2007  261  22209   14.8   29.6  1.156    2.0    0.0 
      0 2007  262  22108   13.9   27.8  1.133    2.5    0.0 
      0 2007  263  21310   14.7   29.2  1.280    1.5    0.0 
      0 2007  264  21870   14.1   31.3  1.231    1.6    0.0 
      0 2007  265  21206   15.2   30.7  1.071    2.7    0.0 
      0 2007  266  19849   15.8   28.8  1.262    2.7    0.0 
      0 2007  267  19692   17.2   29.7  1.385    2.1    0.0 
      0 2007  268  13332   20.8   29.4  1.555    1.6    0.0 
      0 2007  269  12549   21.2   31.1  2.013    1.5    0.2 
      0 2007  270   2194   16.5   26.7  1.601    5.5    7.2 
      0 2007  271   4154   15.2   19.5  1.090    3.0    2.5 
      0 2007  272   2420   14.8   18.1  1.254    3.6    1.8 
      0 2007  273   4088   14.1   17.7  1.424    1.9    2.7 
      0 2007  274   5090   15.1   18.3  1.489    2.0    3.6 
      0 2007  275  13930   13.8   23.2  1.512    1.0    0.0 
      0 2007  276   7874   16.5   24.5  1.530    1.9    0.0 
      0 2007  277   5932   19.6   25.2  1.718    2.7    0.1 
      0 2007  278   5930   20.4   25.2  1.940    2.6    1.1 
      0 2007  279   7912   18.9   25.6  1.935    1.7    1.8 
      0 2007  280   3934   15.6   21.0  1.520    3.5    3.0 
      0 2007  281  14703   13.7   19.7  0.711    3.2    0.0 
      0 2007  282  10830   12.2   19.2  0.816    1.8    0.0 
      0 2007  283   4398   13.0   17.6  0.877    1.3    0.1 
      0 2007  284   2893   12.9   18.4  1.426    1.3    1.6 
      0 2007  285   4614   12.7   17.9  1.273    2.2    0.8 
      0 2007  286   5737   11.8   17.6  1.271    1.6    0.0 
      0 2007  287  13050   11.0   19.7  0.998    2.1    0.0 
      0 2007  288  15075    9.8   21.9  1.030    1.3    0.0 
      0 2007  289  17395    7.2   23.5  0.866    1.9    0.0 
      0 2007  290  16551    8.8   24.6  0.921    2.6    0.0 
      0 2007  291  14364   11.9   21.7  0.961    2.7    0.0 
      0 2007  292  17091    5.4   22.3  0.677    2.6    0.0 
      0 2007  293  15576    9.1   20.6  0.668    2.0    0.0 
      0 2007  294  15045    9.0   23.6  0.893    2.5    0.0 
      0 2007  295  15966    9.6   24.9  1.062    2.4    0.0 
      0 2007  296  15683   12.0   22.7  1.172    2.6    0.0 
      0 2007  297  12050   11.4   22.6  1.287    1.7    0.2 
      0 2007  298  15354    9.0   23.8  1.216    1.0    0.0 
      0 2007  299  13461   11.0   23.5  1.247    1.3    0.0 
      0 2007  300  10505   14.0   23.6  1.496    1.6    2.1 
      0 2007  301  11223    9.1   17.5  0.808    2.0    0.2 
      0 2007  302  10824    7.5   14.9  0.753    2.2    0.0 
      0 2007  303  14219    4.2   19.0  0.760    2.9    0.0 
      0 2007  304  10570    6.7   19.9  0.920    1.2    0.0 
      0 2007  305  15117    5.8   17.2  0.483    2.6    0.0 
      0 2007  306  14987    1.8   19.4  0.474    2.8    0.0 
      0 2007  307  14561    3.6   18.0  0.480    2.5    0.0 
      0 2007  308  11205    4.5   17.1  0.572    1.3    0.0 
      0 2007  309  13952    4.1   18.4  0.717    1.1    0.0 
      0 2007  310  11760    7.2   19.1  0.862    1.9    0.0 
      0 2007  311  13673    6.2   23.7  0.925    2.1    0.0 
      0 2007  312  12781    7.4   20.5  0.817    2.0    0.0 
      0 2007  313  12799    5.9   16.8  0.776    1.9    0.0 
      0 2007  314  13089    6.3   16.3  0.767    1.5    0.0 
      0 2007  315   7919    6.0   14.7  0.685    0.9    0.0 
      0 2007  316   9525    9.5   16.1  0.717    1.6    0.0 
      0 2007  317  11630    6.9   17.3  0.815    1.4    0.0 
      0 2007  318  12290    6.6   17.4  0.923    1.7    0.0 
      0 2007  319   1377    3.6   12.2  0.699    6.1    4.6 
      0 2007  320   7041    2.8    8.7  0.666    1.8    0.2 
      0 2007  321  10727    3.5   18.0  0.809    2.2    0.0 
      0 2007  322  12522    3.4   10.7  0.476    2.2    0.0 
      0 2007  323  12439    2.1   18.1  0.520    3.1    0.0 
      0 2007  324  12355    0.1   17.5  0.526    2.4    0.0 
      0 2007  325  12229    1.3   17.4  0.548    1.0    0.0 
      0 2007  326  11472    5.1   18.6  0.672    2.4    0.0 
      0 2007  327  11805    1.8   16.0  0.712    1.8    0.0 
      0 2007  328  11669    3.2   14.0  0.688    1.3    0.0 
      0 2007  329  11154    3.4   19.5  0.871    2.3    0.0 
      0 2007  330  11170    1.2   11.3  0.573    1.5    0.0 
      0 2007  331  11952   -3.2   12.1  0.344    1.4    0.0 
      0 2007  332  11558    0.4   14.1  0.408    1.5    0.0 
      0 2007  333  10855    3.5   11.4  0.452    3.8    0.0 
      0 2007  334  10952    3.0   11.0  0.516    1.7    0.0 
      0 2007  335   5572    1.0   10.0  0.628    1.0    1.3 
      0 2007  336   8427    2.1   11.6  0.678    1.8    2.7 
      0 2007  337  11294   -3.2   10.9  0.392    2.8    0.0 
      0 2007  338  10668    1.0    8.9  0.436    1.7    0.0 
      0 2007  339   9002    0.3    9.1  0.520    1.5    0.0 
      0 2007  340  10902   -0.2   13.1  0.585    2.2    0.0 
      0 2007  341  10732   -1.2    9.5  0.545    1.4    0.0 
      0 2007  342   8279   -0.9   10.0  0.590    0.9    0.0 
      0 2007  343   8864   -1.8    9.6  0.557    1.8    0.0 
      0 2007  344  10404    1.2   10.7  0.615    1.6    0.0 
      0 2007  345   5232    0.3    7.6  0.649    2.5    0.4 
      0 2007  346   7361   -1.5    9.5  0.589    1.7    0.1 
      0 2007  347  10928   -4.8    9.1  0.379    1.4    0.0 
      0 2007  348  10703   -3.6   13.6  0.398    2.6    0.0 
      0 2007  349   9549   -3.9    8.0  0.346    1.2    0.0 
      0 2007  350  10322   -2.4   10.9  0.418    1.9    0.0 
      0 2007  351  10445   -1.1   13.6  0.502    1.7    0.0 
      0 2007  352   9197   -4.0    9.2  0.415    1.8    0.0 
      0 2007  353  10046   -1.5   12.7  0.486    2.0    0.0 
      0 2007  354   8731   -2.2   11.5  0.504    2.0    0.0 
      0 2007  355   8663   -1.3    9.0  0.502    2.7    0.0 
      0 2007  356   7113    2.0    9.7  0.593    1.4    0.0 
      0 2007  357   9061   -0.8    8.9  0.530    2.8    0.0 
      0 2007  358   6223   -0.2    6.4  0.504    1.3    0.2 
      0 2007  359  10073   -1.8    8.0  0.568    0.9    0.0 
      0 2007  360   3954    1.2    7.6  0.651    0.8    0.0 
      0 2007  361   6332    2.9    9.0  0.726    1.2    0.0 
      0 2007  362   9812   -1.3   10.2  0.430    2.6    0.0 
      0 2007  363  11183   -5.2    9.6  0.245    2.0    0.0 
      0 2007  364  11454   -5.2    6.3  0.178    2.0    0.0 
      0 2007  365  11289   -5.5    7.7  0.245    1.8    0.0 
