*---------------------------------------------------------------------------*
*Station name: 35.135916 113.763737
* Column  Daily value
* 1       station number
* 2       year
* 3       day
* 4       irradiation                   (kJ m-2 d-1)
* 5       minimum temperature           (degrees Celsius)
* 6       maximum temperature           (degrees Celsius)
* 7       early morning vapour pressure (kPa)
* 8       mean wind speed (height: 2 m) (m s-1)
* 9       precipitation                 (mm d-1)
*
* era5
* Created by era2cabo, by Alex 
* File created: 2019-05-08 21:39:21.310017
** WCCFORMAT=2
*---------------------------------------------------------------------------*
113.763737  35.135916  50.000000  -0.180000  -0.550000 
      0 2011    1  10641   -6.3    1.3  0.126    2.3    0.0 
      0 2011    2   5437   -4.5    0.0  0.170    1.9    0.1 
      0 2011    3  10517   -5.5    2.0  0.248    1.6    0.0 
      0 2011    4  10911   -6.3    5.1  0.290    1.7    0.0 
      0 2011    5   8406   -5.8    3.3  0.281    1.9    0.0 
      0 2011    6  11466   -6.1    1.8  0.184    1.2    0.0 
      0 2011    7  11250   -6.3    3.9  0.177    2.6    0.0 
      0 2011    8  10123   -5.3    6.9  0.191    2.3    0.0 
      0 2011    9  11665   -5.2    1.2  0.172    1.9    0.0 
      0 2011   10  10866   -6.2    3.9  0.160    2.1    0.0 
      0 2011   11  12335   -4.8    5.7  0.172    2.4    0.0 
      0 2011   12  12308   -7.1    5.0  0.181    1.6    0.0 
      0 2011   13  10865   -4.8    9.1  0.225    1.7    0.0 
      0 2011   14   9225   -4.0    6.1  0.206    2.7    0.0 
      0 2011   15  12917   -6.8    1.8  0.150    1.6    0.0 
      0 2011   16  12235   -8.9    0.8  0.136    1.6    0.0 
      0 2011   17   9558   -5.3    2.7  0.160    1.7    0.0 
      0 2011   18  12433   -6.4    2.5  0.175    1.7    0.0 
      0 2011   19  11777   -6.3    3.9  0.206    1.1    0.0 
      0 2011   20  10503   -4.7    3.5  0.272    1.4    0.0 
      0 2011   21  10559   -6.2    4.9  0.296    1.2    0.0 
      0 2011   22  12561   -5.3    8.8  0.283    1.8    0.0 
      0 2011   23  13581   -5.8    5.7  0.180    1.7    0.0 
      0 2011   24  13494   -7.5    4.0  0.165    1.2    0.0 
      0 2011   25  12154   -5.5    5.9  0.149    2.6    0.0 
      0 2011   26  11495   -6.1    3.8  0.131    1.8    0.0 
      0 2011   27   9514   -4.6    4.3  0.162    2.5    0.0 
      0 2011   28  12768   -5.0    6.6  0.267    1.8    0.0 
      0 2011   29  14346   -7.7    3.6  0.171    1.6    0.0 
      0 2011   30  14604   -7.6    6.0  0.161    1.4    0.0 
      0 2011   31  14496   -7.6    8.4  0.134    2.6    0.0 
      0 2011   32  14861   -5.3   10.2  0.142    2.1    0.0 
      0 2011   33  14549   -4.8   13.0  0.196    2.7    0.0 
      0 2011   34  10875   -4.2    9.2  0.209    1.1    0.0 
      0 2011   35  14538   -2.9   12.0  0.229    1.6    0.0 
      0 2011   36  14327   -2.8   12.3  0.278    2.2    0.0 
      0 2011   37  15116   -3.4   12.0  0.297    2.4    0.0 
      0 2011   38  13424    0.5   12.8  0.353    2.0    0.0 
      0 2011   39  15065   -0.3   11.8  0.396    3.2    0.0 
      0 2011   40   3887    0.0    4.1  0.387    4.1    3.0 
      0 2011   41  13402   -2.8    5.3  0.525    1.9    0.8 
      0 2011   42  15081   -3.3    9.4  0.505    1.8    0.0 
      0 2011   43  10126   -3.9    2.5  0.249    2.1    0.0 
      0 2011   44  11475   -4.2    3.5  0.327    3.1    0.3 
      0 2011   45  15387   -6.6    2.9  0.282    1.5    0.0 
      0 2011   46  14258   -5.3    3.8  0.297    1.6    0.0 
      0 2011   47  15802   -3.2    8.1  0.402    2.1    0.0 
      0 2011   48  16187   -2.1   11.0  0.449    2.4    0.0 
      0 2011   49  10270   -0.2    8.1  0.429    1.7    0.0 
      0 2011   50  15439   -1.1   11.5  0.463    1.1    0.0 
      0 2011   51  16681   -1.2   12.5  0.453    1.3    0.0 
      0 2011   52  16130   -2.1   12.7  0.416    1.4    0.0 
      0 2011   53  15400    0.9   15.3  0.451    1.8    0.0 
      0 2011   54  17403    1.4   18.6  0.589    1.8    0.0 
      0 2011   55  16791    2.3   16.4  0.557    4.7    0.0 
      0 2011   56   8426    4.3    8.9  0.389    6.5    1.1 
      0 2011   57   3671    1.1    4.3  0.557    3.9   10.5 
      0 2011   58  12765   -0.2    5.9  0.526    4.1    0.4 
      0 2011   59   8734   -2.5    5.7  0.491    1.4    2.9 
      0 2011   60  11413   -2.7    7.2  0.594    2.0    0.2 
      0 2011   61  18391   -4.6   10.6  0.494    1.6    0.0 
      0 2011   62  18857   -2.4    9.4  0.370    2.0    0.0 
      0 2011   63  17273   -2.0   10.2  0.371    1.5    0.0 
      0 2011   64  15928   -0.8   14.6  0.517    1.7    0.0 
      0 2011   65  13372    1.6   13.6  0.517    2.5    0.0 
      0 2011   66  18640   -1.0   17.4  0.479    2.0    0.0 
      0 2011   67  18209   -0.4   15.7  0.485    1.9    0.0 
      0 2011   68  20396    1.7   13.0  0.365    2.7    0.0 
      0 2011   69  20753   -2.4   17.0  0.323    1.7    0.0 
      0 2011   70  18424    1.4   19.4  0.411    2.4    0.0 
      0 2011   71  20550    2.9   24.1  0.563    3.0    0.0 
      0 2011   72  16814    9.5   21.0  0.866    1.7    0.0 
      0 2011   73  11615    5.5   13.2  0.414    5.6    0.0 
      0 2011   74  21051    1.9   14.3  0.247    3.5    0.0 
      0 2011   75  21970    0.3   16.6  0.196    3.0    0.0 
      0 2011   76  21755    0.6   20.2  0.372    2.8    0.0 
      0 2011   77  19929    5.0   21.4  0.422    2.4    0.0 
      0 2011   78   6607    7.5   13.9  0.401    2.9    1.3 
      0 2011   79  11617    2.9   14.7  0.806    1.8    0.5 
      0 2011   80  12952    3.7   14.7  0.595    2.7    0.0 
      0 2011   81  21665    2.2   13.9  0.346    1.8    0.0 
      0 2011   82  21105   -0.6   16.6  0.321    3.2    0.0 
      0 2011   83  23127    1.1   14.0  0.214    2.0    0.0 
      0 2011   84  23354   -1.9   16.0  0.260    1.5    0.0 
      0 2011   85  23643   -0.7   18.5  0.258    1.9    0.0 
      0 2011   86  23486    1.0   17.9  0.233    1.9    0.0 
      0 2011   87  22048    1.3   20.6  0.302    1.9    0.0 
      0 2011   88  23677    4.6   20.8  0.357    2.2    0.0 
      0 2011   89  23189    5.0   23.1  0.493    1.8    0.0 
      0 2011   90  22777    6.8   25.0  0.600    1.9    0.0 
      0 2011   91  18518    8.7   23.7  0.651    4.9    0.0 
      0 2011   92  10613    3.3    8.9  0.544    5.4    4.5 
      0 2011   93  23884    0.2   14.3  0.529    1.4    0.0 
      0 2011   94  24511    0.7   16.8  0.491    1.8    0.0 
      0 2011   95  19970    2.6   17.8  0.543    1.8    0.0 
      0 2011   96  20814    8.2   19.2  0.856    2.0    0.0 
      0 2011   97  20903    5.2   22.7  0.782    1.6    0.0 
      0 2011   98  23064    5.3   21.6  0.622    2.3    0.0 
      0 2011   99  24799    7.2   26.2  0.649    3.3    0.0 
      0 2011  100  17722    6.4   16.7  0.576    4.9    0.0 
      0 2011  101  25006    3.7   19.9  0.503    2.6    0.0 
      0 2011  102  24557    7.2   23.9  0.652    2.5    0.0 
      0 2011  103  24407    9.6   28.1  1.124    2.5    0.0 
      0 2011  104  20332   12.3   28.9  1.287    1.6    0.0 
      0 2011  105  25063   12.3   30.3  0.924    3.5    0.0 
      0 2011  106  25065   10.9   23.2  0.654    2.6    0.0 
      0 2011  107  25329   10.8   26.5  0.720    3.4    0.0 
      0 2011  108  25986    8.6   22.2  0.494    2.3    0.0 
      0 2011  109  26100    8.7   23.8  0.617    2.3    0.0 
      0 2011  110  22111   10.2   26.3  0.925    2.2    0.5 
      0 2011  111  19829   12.8   25.9  1.524    3.1    0.7 
      0 2011  112  22140   10.2   25.7  1.146    2.8    0.1 
      0 2011  113  23025    8.5   26.6  0.983    3.0    0.0 
      0 2011  114  25813    8.1   24.1  0.857    2.5    0.0 
      0 2011  115  24822   10.7   34.0  1.117    3.4    0.0 
      0 2011  116  21549   13.9   28.8  1.274    1.9    0.0 
      0 2011  117  26583   11.2   24.3  0.700    2.6    0.0 
      0 2011  118  25540   14.0   28.1  0.906    2.4    0.0 
      0 2011  119  22245   15.0   33.8  1.302    3.1    0.0 
      0 2011  120  25696   14.8   29.9  1.014    2.8    0.1 
      0 2011  121  13694   10.9   23.1  0.777    2.8    0.0 
      0 2011  122  10390   13.2   20.6  1.098    3.5    0.0 
      0 2011  123  25811    9.6   25.3  1.130    1.9    0.0 
      0 2011  124  26328   14.7   25.9  1.208    3.4    0.0 
      0 2011  125  25322   15.7   29.3  1.483    2.8    0.0 
      0 2011  126  21744   15.3   28.2  1.326    2.3    0.0 
      0 2011  127  19532   16.8   28.8  1.260    4.2    0.2 
      0 2011  128  12436   16.8   22.4  1.301    5.3    2.1 
      0 2011  129   4985   15.5   19.6  1.362    4.3    8.3 
      0 2011  130   3515   13.2   16.9  1.404    3.9   34.3 
      0 2011  131  24005   10.3   25.9  1.660    1.2    0.2 
      0 2011  132  28170   12.6   26.7  1.016    2.4    0.0 
      0 2011  133  24684    9.3   25.3  0.840    2.1    0.0 
      0 2011  134  27513   13.8   28.0  1.096    2.2    0.0 
      0 2011  135  21945   14.5   30.4  1.338    2.6    0.0 
      0 2011  136  25575   16.4   27.4  1.368    2.9    0.0 
      0 2011  137  20551   15.2   31.7  1.673    2.8    0.0 
      0 2011  138  27148   15.1   36.0  1.633    1.6    0.0 
      0 2011  139  18382   21.0   26.9  1.291    4.6    0.1 
      0 2011  140   4767   15.3   21.2  1.440    3.7    5.4 
      0 2011  141   8762   12.7   20.5  1.391    1.3    7.0 
      0 2011  142   9854   12.4   20.6  1.328    2.2    0.0 
      0 2011  143  28437   10.7   24.4  1.169    3.2    0.0 
      0 2011  144  18164   13.8   24.0  1.338    1.5    0.0 
      0 2011  145  22885   13.6   24.9  1.378    1.3    0.0 
      0 2011  146  26387   14.0   28.1  1.492    1.6    0.0 
      0 2011  147  26266   15.3   29.6  1.613    1.5    0.0 
      0 2011  148  27492   17.6   31.3  1.697    1.6    0.0 
      0 2011  149   7915   19.7   26.5  1.688    2.0    0.0 
      0 2011  150  15376   18.3   31.6  1.715    3.2    0.0 
      0 2011  151  28823   16.1   33.6  1.272    2.5    0.0 
      0 2011  152  26082   14.7   31.1  1.110    1.6    0.0 
      0 2011  153  25861   16.7   33.4  1.331    2.3    0.0 
      0 2011  154  27458   18.9   35.4  1.274    2.8    0.0 
      0 2011  155  27556   18.1   33.8  1.399    2.2    0.0 
      0 2011  156  24418   21.0   34.3  1.584    2.2    0.0 
      0 2011  157  26865   20.8   35.9  1.678    2.4    0.4 
      0 2011  158  26800   19.0   37.7  1.794    1.7    0.0 
      0 2011  159  27186   22.1   40.9  1.632    2.5    0.0 
      0 2011  160  15395   25.9   33.4  1.575    2.7    0.0 
      0 2011  161  25340   23.3   35.0  1.742    1.4    0.0 
      0 2011  162  25460   21.8   36.3  2.012    2.6    0.0 
      0 2011  163  28596   23.6   33.6  1.453    4.3    0.0 
      0 2011  164  27511   21.9   35.4  1.286    2.5    0.0 
      0 2011  165  22175   23.3   32.3  2.118    2.5    0.1 
      0 2011  166  26461   20.6   32.9  1.830    2.7    0.0 
      0 2011  167  22498   21.6   33.1  1.807    2.5    0.0 
      0 2011  168  11194   22.2   29.5  2.025    1.7    0.0 
      0 2011  169  22937   21.5   32.3  2.092    2.0    0.2 
      0 2011  170  26731   20.1   35.0  1.833    1.7    0.0 
      0 2011  171  25581   22.9   34.3  1.840    2.3    0.0 
      0 2011  172  20826   21.8   34.4  2.001    1.9    0.0 
      0 2011  173   8576   24.8   30.6  2.602    2.9    4.8 
      0 2011  174  11874   22.9   29.6  2.505    2.0    8.4 
      0 2011  175  22019   20.4   32.1  2.257    4.0    2.0 
      0 2011  176  10214   19.3   27.1  1.736    4.7   11.6 
      0 2011  177  26318   17.5   30.7  1.503    2.0    0.0 
      0 2011  178  13294   19.5   29.7  1.955    2.4    0.1 
      0 2011  179  26004   20.6   33.7  2.119    1.3    0.0 
      0 2011  180  24272   21.9   33.9  2.470    1.8    0.1 
      0 2011  181  27068   24.3   38.3  2.282    2.2    0.0 
      0 2011  182  18784   25.8   36.6  2.729    2.6    0.1 
      0 2011  183  12309   25.5   33.1  2.878    4.2    3.0 
      0 2011  184   8821   23.3   28.0  2.552    4.0   20.0 
      0 2011  185  10977   21.7   29.5  2.393    1.2    5.5 
      0 2011  186  16112   20.9   31.7  2.283    1.9    5.2 
      0 2011  187   4467   23.9   27.4  2.725    1.6   15.3 
      0 2011  188  28216   20.5   32.9  1.851    2.7    0.0 
      0 2011  189  28781   18.5   35.7  1.564    3.0    0.0 
      0 2011  190  21492   20.3   35.0  1.829    1.7    0.0 
      0 2011  191  22408   24.2   35.7  2.115    1.8    0.7 
      0 2011  192  24532   24.3   36.2  2.157    2.2    0.0 
      0 2011  193  22250   25.0   35.7  2.135    2.2    0.0 
      0 2011  194  19713   24.1   35.3  2.114    1.2    0.0 
      0 2011  195  23590   23.9   37.2  2.035    1.1    0.5 
      0 2011  196  24981   23.9   36.6  2.236    1.8    1.6 
      0 2011  197  27172   22.4   35.1  1.912    2.1    0.0 
      0 2011  198  26595   22.9   35.7  1.992    1.8    0.0 
      0 2011  199  20671   25.0   33.6  2.292    3.3    1.0 
      0 2011  200  22845   23.3   32.1  2.117    2.9    0.3 
      0 2011  201  22149   22.7   33.4  2.121    1.2    0.2 
      0 2011  202  21475   24.1   35.5  2.364    1.4    0.1 
      0 2011  203  16264   26.5   34.6  2.641    1.2    0.3 
      0 2011  204  18200   26.3   37.3  2.632    1.7    1.2 
      0 2011  205  24285   26.9   38.6  2.855    2.0    1.4 
      0 2011  206  24201   26.6   39.0  2.404    1.7    0.0 
      0 2011  207  21016   26.0   39.3  2.466    1.5    0.0 
      0 2011  208  24192   25.1   36.6  2.370    2.0    0.0 
      0 2011  209  22223   24.5   36.9  2.791    1.9    0.0 
      0 2011  210  11462   26.3   31.8  3.028    2.0    7.0 
      0 2011  211  15503   25.2   30.9  2.688    1.3    2.0 
      0 2011  212   9147   24.5   31.4  2.687    1.9    0.0 
      0 2011  213   4376   20.8   25.7  2.110    1.9   12.3 
      0 2011  214   2966   20.0   22.1  2.130    3.1   40.5 
      0 2011  215  19736   19.0   28.2  2.290    1.6    0.0 
      0 2011  216  15721   20.6   29.4  2.535    1.1    0.0 
      0 2011  217  13374   22.7   27.9  2.633    1.6    0.9 
      0 2011  218   8866   22.5   27.9  2.654    2.0   19.7 
      0 2011  219  18402   22.0   29.2  2.634    2.1    0.5 
      0 2011  220  22469   21.3   31.6  2.818    1.9    0.0 
      0 2011  221  23452   23.2   34.1  2.963    1.6    0.1 
      0 2011  222  19997   23.7   31.7  2.822    2.6    6.2 
      0 2011  223  18729   22.9   30.8  2.773    1.7    0.8 
      0 2011  224  20809   23.2   31.9  2.828    1.0    0.2 
      0 2011  225  21594   23.8   33.0  3.081    1.6    0.2 
      0 2011  226  18583   25.0   33.8  3.466    1.5    0.6 
      0 2011  227  17936   26.6   35.3  3.441    1.6    0.1 
      0 2011  228   9882   26.2   30.0  2.850    3.1    5.6 
      0 2011  229  15678   23.0   30.2  2.240    3.6    3.2 
      0 2011  230   3788   20.4   22.9  1.924    4.8    6.4 
      0 2011  231   5993   20.1   23.3  1.914    2.5    0.6 
      0 2011  232   4362   19.3   22.5  2.196    0.8   26.0 
      0 2011  233   3606   19.2   22.2  2.289    1.0   16.5 
      0 2011  234  14980   17.6   26.1  2.168    1.1    0.1 
      0 2011  235  16376   19.4   27.4  2.215    1.8    0.4 
      0 2011  236  21878   17.4   28.6  2.086    0.9    0.0 
      0 2011  237  22815   18.0   29.5  2.147    1.2    0.1 
      0 2011  238  18958   20.9   28.1  2.278    2.4    0.8 
      0 2011  239  18812   19.3   28.0  2.226    2.6    0.3 
      0 2011  240  20558   18.9   28.7  2.250    1.5    0.0 
      0 2011  241  21596   19.0   30.3  2.289    0.9    0.0 
      0 2011  242  22750   19.4   31.3  2.342    0.8    0.0 
      0 2011  243  23533   19.8   32.7  2.296    1.8    0.0 
      0 2011  244  21924   22.3   32.7  2.320    3.2    0.0 
      0 2011  245  13699   21.7   28.7  2.105    2.3    0.1 
      0 2011  246  10050   21.5   28.3  2.090    2.8    0.1 
      0 2011  247   4801   19.3   24.1  1.968    2.1    4.7 
      0 2011  248   4421   19.2   22.8  2.135    1.4    4.4 
      0 2011  249   4734   17.2   21.2  1.831    1.6    6.1 
      0 2011  250   4292   17.4   19.1  1.928    1.9    9.0 
      0 2011  251   9642   16.2   23.6  1.956    1.7    0.0 
      0 2011  252  13873   15.1   24.8  1.834    2.3    0.2 
      0 2011  253   9536   16.3   21.2  1.725    3.3    1.4 
      0 2011  254   2535   15.0   17.3  1.532    2.7   23.0 
      0 2011  255   2680   15.8   19.9  1.799    1.9   22.9 
      0 2011  256   4414   15.1   20.9  1.931    0.7    6.4 
      0 2011  257   7676   17.2   21.8  1.942    1.0   33.3 
      0 2011  258  11112   17.9   26.2  2.110    1.2    5.8 
      0 2011  259  17378   16.7   26.6  2.039    3.3    0.7 
      0 2011  260   3330   13.1   20.7  1.447    6.7   22.6 
      0 2011  261   2128   11.0   14.5  1.188    3.9   11.8 
      0 2011  262  21355    9.3   19.5  1.089    1.5    0.1 
      0 2011  263  20065   11.4   22.1  1.201    1.4    0.0 
      0 2011  264  20863    9.8   24.6  1.282    1.4    0.0 
      0 2011  265  21341   11.6   26.8  1.276    1.4    0.0 
      0 2011  266  20099   11.4   26.4  1.227    1.7    0.0 
      0 2011  267  19278   12.3   27.1  1.446    1.7    0.0 
      0 2011  268  20113   14.1   26.8  1.472    1.1    0.0 
      0 2011  269  20079   12.7   25.1  1.385    1.4    0.0 
      0 2011  270  11364   15.9   24.5  1.682    2.2    3.0 
      0 2011  271   2101   15.1   18.6  1.814    2.0   18.0 
      0 2011  272   9725   14.3   23.6  1.820    1.1    0.0 
      0 2011  273  17645   13.5   24.1  1.688    1.5    0.0 
      0 2011  274  17511   13.4   21.5  1.363    3.2    0.0 
      0 2011  275   9858   14.0   19.0  1.017    4.2    0.0 
      0 2011  276  17594   10.6   20.7  0.926    1.4    0.0 
      0 2011  277   7778   12.4   20.7  1.248    2.3    0.0 
      0 2011  278  18429   11.8   26.2  1.408    2.5    0.0 
      0 2011  279  19071   10.2   25.6  1.195    2.0    0.0 
      0 2011  280  18132   10.9   25.8  1.340    1.0    0.0 
      0 2011  281  17138   12.6   26.0  1.514    1.5    0.0 
      0 2011  282  12296   15.3   23.9  1.625    2.2    1.5 
      0 2011  283   6514   16.1   20.9  1.690    4.2    9.1 
      0 2011  284   9202   15.4   22.3  1.668    2.6    3.0 
      0 2011  285   4616   14.8   19.5  1.690    1.5    0.6 
      0 2011  286  17036   13.7   25.1  1.316    2.7    0.0 
      0 2011  287  17282    9.1   23.7  0.879    3.2    0.0 
      0 2011  288  17410   12.7   23.2  0.723    4.6    0.0 
      0 2011  289  17252    9.4   26.2  0.929    2.9    0.0 
      0 2011  290  17084    9.6   24.6  0.920    1.3    0.0 
      0 2011  291  16689   10.3   24.1  1.136    1.2    0.0 
      0 2011  292  14995   12.9   23.3  1.128    1.0    0.0 
      0 2011  293  10593   13.0   21.5  1.123    1.0    0.0 
      0 2011  294  15977    9.1   21.8  1.162    1.1    0.0 
      0 2011  295   9067    9.7   21.1  1.340    1.2    6.0 
      0 2011  296   1926   12.7   16.9  1.529    1.8    4.8 
      0 2011  297  12031    5.7   15.0  0.625    4.5    0.0 
      0 2011  298  15877    3.0   14.7  0.645    1.6    0.0 
      0 2011  299  10310    5.4   15.6  0.775    1.3    0.0 
      0 2011  300  14290    5.8   18.5  1.003    1.5    0.0 
      0 2011  301  10740    8.1   18.2  1.038    0.8    0.0 
      0 2011  302  14992    6.7   18.5  0.964    1.2    0.0 
      0 2011  303  11400    6.3   18.4  1.114    1.3    0.0 
      0 2011  304   7755   10.4   18.8  1.380    1.2    0.6 
      0 2011  305  10514   11.9   19.7  1.256    1.0    0.1 
      0 2011  306   9427   10.8   19.4  1.188    3.3    0.0 
      0 2011  307   4556   12.7   16.2  1.153    3.8    1.0 
      0 2011  308   7920   12.4   18.5  1.303    1.5    3.3 
      0 2011  309   5842   12.5   17.0  1.250    3.8    1.3 
      0 2011  310   7495   10.9   15.9  1.046    4.1    0.7 
      0 2011  311   1068    9.9   12.3  1.069    3.6   15.0 
      0 2011  312   3850    9.4   12.9  1.066    1.3    0.3 
      0 2011  313  10400    6.0   14.6  0.975    1.2    0.1 
      0 2011  314  11136    4.3   14.7  0.858    1.2    0.0 
      0 2011  315  12588    3.7   16.7  0.926    2.8    0.0 
      0 2011  316   7405    6.6   17.1  0.865    1.8    0.0 
      0 2011  317  12984    2.8   16.9  0.707    1.8    0.0 
      0 2011  318  11145    2.5   16.6  0.763    1.7    0.0 
      0 2011  319   6746    9.4   16.5  0.963    1.1    0.0 
      0 2011  320   2737    9.9   13.6  1.109    3.0    4.6 
      0 2011  321   1910   10.5   13.3  1.103    2.0    8.1 
      0 2011  322   6221   10.8   17.1  1.209    0.8    3.2 
      0 2011  323  11772    3.5   14.7  0.750    1.7    0.0 
      0 2011  324  11713    1.4   12.3  0.695    1.5    0.0 
      0 2011  325   7492    3.0   11.9  0.800    0.9    1.9 
      0 2011  326  11886    5.3   17.4  0.767    3.3    2.0 
      0 2011  327  12005    0.3    7.4  0.413    2.2    0.0 
      0 2011  328  10872   -0.0    9.8  0.475    2.0    0.0 
      0 2011  329   8458    2.6    9.8  0.548    2.3    0.0 
      0 2011  330  10421    2.2   13.6  0.689    1.9    0.0 
      0 2011  331  10644    3.5   13.1  0.749    1.0    0.0 
      0 2011  332   1999    6.4   10.1  0.748    3.4    0.6 
      0 2011  333    720    1.6    9.1  0.635    6.3   26.4 
      0 2011  334  10369   -3.7    3.8  0.494    3.7    0.0 
      0 2011  335  10475   -5.3    5.6  0.485    1.6    0.0 
      0 2011  336  10399   -3.3    7.1  0.569    1.3    0.0 
      0 2011  337  10481   -2.7    7.7  0.572    1.1    0.0 
      0 2011  338   7170    0.9    7.9  0.671    1.2    0.5 
      0 2011  339   3012    2.1    4.9  0.662    3.0    2.9 
      0 2011  340   4254    0.4    6.3  0.653    0.9    1.0 
      0 2011  341   8445    1.0    9.8  0.714    1.5    0.4 
      0 2011  342   8789   -3.9    4.5  0.495    2.0    0.2 
      0 2011  343  10484   -4.2    4.1  0.376    1.7    0.0 
      0 2011  344  11116   -4.5    7.2  0.304    2.7    0.0 
      0 2011  345   9587   -4.5    9.1  0.427    2.0    0.0 
      0 2011  346  10639   -2.6    9.7  0.509    1.7    0.0 
      0 2011  347  10566   -1.7    9.8  0.531    2.2    0.0 
      0 2011  348   9506   -2.7    5.9  0.422    2.9    0.0 
      0 2011  349  10118   -2.8    3.9  0.290    1.9    0.0 
      0 2011  350  10788   -5.1    1.9  0.284    2.0    0.0 
      0 2011  351  10096   -4.7    5.6  0.357    2.0    0.0 
      0 2011  352  10214   -2.8    5.9  0.426    1.3    0.0 
      0 2011  353  10362   -2.4    7.0  0.438    1.3    0.0 
      0 2011  354   7787   -3.3    5.7  0.457    1.1    0.0 
      0 2011  355  10060   -0.8    9.9  0.558    1.3    0.0 
      0 2011  356  10037   -2.1    5.9  0.345    1.8    0.0 
      0 2011  357  10680   -4.8    8.9  0.294    2.6    0.0 
      0 2011  358  10885   -4.8    9.1  0.288    2.6    0.0 
      0 2011  359  10889   -4.9    8.1  0.311    1.7    0.0 
      0 2011  360   8209   -2.8    6.6  0.361    2.2    0.0 
      0 2011  361   8292   -3.4    6.3  0.436    1.5    0.0 
      0 2011  362  10230   -2.9    8.4  0.473    1.7    0.0 
      0 2011  363   6668    0.0    5.5  0.511    2.7    0.0 
      0 2011  364   7399   -1.8    5.7  0.511    2.2    0.0 
      0 2011  365  10565   -2.5    8.6  0.520    1.9    0.0 
