*---------------------------------------------------------------------------*
*Station name: 35.135916 113.763737
* Column  Daily value
* 1       station number
* 2       year
* 3       day
* 4       irradiation                   (kJ m-2 d-1)
* 5       minimum temperature           (degrees Celsius)
* 6       maximum temperature           (degrees Celsius)
* 7       early morning vapour pressure (kPa)
* 8       mean wind speed (height: 2 m) (m s-1)
* 9       precipitation                 (mm d-1)
*
* era5
* Created by era2cabo, by Alex 
* File created: 2019-05-09 03:39:52.930510
** WCCFORMAT=2
*---------------------------------------------------------------------------*
113.763737  35.135916  50.000000  -0.180000  -0.550000 
      0 2015    1  11504   -4.1    6.7  0.129    2.6    0.0 
      0 2015    2   9964   -4.3    8.9  0.182    2.4    0.1 
      0 2015    3  11183   -1.4   13.8  0.284    2.7    0.0 
      0 2015    4  10682   -1.1   12.9  0.440    1.8    0.0 
      0 2015    5   6505    5.0   12.0  0.494    2.2    0.0 
      0 2015    6   6056    0.5    6.3  0.179    2.9    0.0 
      0 2015    7  11254   -0.9    9.0  0.325    1.6    0.1 
      0 2015    8  10736   -3.2   13.7  0.291    2.1    0.0 
      0 2015    9  11318   -2.7   14.6  0.314    1.9    0.0 
      0 2015   10  11898   -2.5   16.4  0.323    2.6    0.0 
      0 2015   11  12136   -2.6   12.3  0.281    3.5    0.0 
      0 2015   12   7869    0.3    6.9  0.346    2.7    0.0 
      0 2015   13  11182   -3.7    7.2  0.450    1.5    0.0 
      0 2015   14   9850   -0.9   10.3  0.530    2.1    0.0 
      0 2015   15  10237   -1.7    9.0  0.543    2.2    0.0 
      0 2015   16  12548   -3.9   11.9  0.327    1.8    0.0 
      0 2015   17  12451   -3.7    7.2  0.254    2.2    0.0 
      0 2015   18  12721    0.0   12.3  0.290    4.7    0.0 
      0 2015   19  12796   -3.4   13.3  0.298    1.7    0.0 
      0 2015   20   9003    4.2   15.8  0.495    1.7    0.0 
      0 2015   21  12871   -0.9   10.0  0.361    1.9    0.0 
      0 2015   22  13070   -2.7    8.4  0.279    2.2    0.0 
      0 2015   23  13010   -2.1   12.7  0.346    2.6    0.0 
      0 2015   24   1544    1.3    5.1  0.481    3.7    5.2 
      0 2015   25   9630   -2.2    6.8  0.583    1.0    0.0 
      0 2015   26  12017   -1.5   11.5  0.566    2.8    0.0 
      0 2015   27   7944   -1.8    2.9  0.285    4.4    0.2 
      0 2015   28   6483   -2.2    1.7  0.250    2.6    2.1 
      0 2015   29  10731   -4.4    5.5  0.402    2.1    0.3 
      0 2015   30  11416   -4.7    5.1  0.375    1.6    0.0 
      0 2015   31   9398   -3.3    3.9  0.284    1.4    0.0 
      0 2015   32  11466   -2.8    4.8  0.275    1.1    0.0 
      0 2015   33  12113   -4.8    5.6  0.343    1.5    0.0 
      0 2015   34  13044   -3.0    8.6  0.421    1.1    0.0 
      0 2015   35  14790   -3.4    8.8  0.368    1.8    0.0 
      0 2015   36  14646   -4.7    8.2  0.274    1.8    0.0 
      0 2015   37  13481   -1.9   13.2  0.330    2.5    0.0 
      0 2015   38  13000   -1.1   10.3  0.320    3.2    0.0 
      0 2015   39  15287   -4.6    5.2  0.258    2.2    0.0 
      0 2015   40  15501   -4.2    9.7  0.266    2.7    0.0 
      0 2015   41  15641   -1.7   16.5  0.321    3.0    0.0 
      0 2015   42  15695    2.0   15.6  0.296    2.7    0.0 
      0 2015   43  15397   -2.4   14.2  0.289    1.9    0.0 
      0 2015   44  16250   -1.8   15.4  0.307    2.6    0.0 
      0 2015   45  13530    2.8   17.4  0.493    1.6    0.1 
      0 2015   46  14325    4.9   17.4  0.698    2.0    0.0 
      0 2015   47  16784   -0.2   18.2  0.384    1.9    0.0 
      0 2015   48  16060    1.0   15.7  0.432    3.1    0.0 
      0 2015   49  14298    4.8   12.9  0.367    4.5    0.0 
      0 2015   50   7083    3.4    8.4  0.414    2.5    0.1 
      0 2015   51   4332    1.8    5.7  0.522    1.8    0.3 
      0 2015   52  14298   -0.6   18.0  0.570    2.0    0.0 
      0 2015   53  13984   -0.8    8.8  0.272    2.3    0.0 
      0 2015   54  11653   -0.5    9.6  0.437    1.6    0.1 
      0 2015   55  13826   -1.7   15.4  0.630    2.9    0.0 
      0 2015   56  14843    3.0   16.6  0.553    2.0    0.0 
      0 2015   57  17111    1.0   12.7  0.401    3.2    0.0 
      0 2015   58   6042    2.9    7.0  0.360    5.1    0.7 
      0 2015   59  15126   -1.3   12.0  0.460    2.4    0.4 
      0 2015   60  19223   -3.3   14.3  0.289    2.8    0.0 
      0 2015   61  16543    0.6   17.3  0.424    2.3    0.0 
      0 2015   62  19359    1.7   12.8  0.240    2.9    0.0 
      0 2015   63  14567   -2.2    7.3  0.161    2.0    0.0 
      0 2015   64  15337    1.1    8.9  0.288    1.8    0.0 
      0 2015   65  17614   -2.0   13.0  0.405    3.1    0.0 
      0 2015   66  17964    1.2   17.0  0.548    2.7    0.0 
      0 2015   67  10617    4.8   15.2  0.709    1.9    0.0 
      0 2015   68  14024    2.8    9.0  0.408    4.8    0.7 
      0 2015   69  19840   -1.9   10.3  0.274    2.6    0.0 
      0 2015   70  20183   -1.0   16.5  0.347    2.0    0.0 
      0 2015   71  20261    0.6   21.9  0.431    2.9    0.0 
      0 2015   72  20234    6.7   18.6  0.380    3.7    0.0 
      0 2015   73  14794    5.5   18.6  0.476    2.4    0.0 
      0 2015   74  18213    7.3   21.4  0.889    2.3    0.0 
      0 2015   75  19684    7.4   21.5  1.074    2.5    0.0 
      0 2015   76   7110   10.4   16.8  1.105    4.8    2.7 
      0 2015   77   5149    6.5   14.8  0.637    2.5    0.2 
      0 2015   78  12855    5.9   19.6  1.058    1.5    0.4 
      0 2015   79  16182    5.7   22.8  0.956    2.0    0.0 
      0 2015   80  21671    7.7   24.8  0.552    2.0    0.0 
      0 2015   81  19005    8.2   21.1  0.652    3.4    0.0 
      0 2015   82  14751    7.5   15.8  0.538    3.0    1.4 
      0 2015   83  20218    6.0   19.0  0.702    1.9    0.0 
      0 2015   84  16039    9.9   18.6  0.733    1.8    0.6 
      0 2015   85  12973    8.8   16.4  0.834    2.0    1.0 
      0 2015   86  22202    4.2   20.4  0.801    3.0    0.0 
      0 2015   87  22758    8.0   27.6  0.799    2.1    0.0 
      0 2015   88  20510   12.2   25.5  0.870    2.5    0.0 
      0 2015   89  17530   10.3   26.2  1.295    2.0    0.0 
      0 2015   90   5415   11.0   22.3  1.616    4.1   18.1 
      0 2015   91   3062    4.9   11.0  0.802    9.0   25.7 
      0 2015   92  16941    5.0   15.8  0.884    2.3    5.2 
      0 2015   93  17076    6.4   17.5  1.035    2.9    0.0 
      0 2015   94  14136    9.2   16.3  1.130    1.8    1.4 
      0 2015   95   8737    9.5   18.3  1.227    1.1    0.2 
      0 2015   96  13062    6.2   12.7  0.624    5.0    0.0 
      0 2015   97  16117    4.0   11.3  0.529    2.5    0.0 
      0 2015   98  23309    2.9   15.5  0.689    3.0    0.0 
      0 2015   99  21212    5.6   18.8  0.977    2.0    0.3 
      0 2015  100  22775    6.7   22.6  1.132    2.2    0.1 
      0 2015  101  17057   10.7   22.7  1.293    2.6    0.0 
      0 2015  102  23434    7.4   17.5  0.684    3.2    0.1 
      0 2015  103  19385    3.3   15.6  0.618    2.3    0.0 
      0 2015  104  25313    4.8   23.9  0.687    3.0    0.0 
      0 2015  105  25016   10.9   30.0  0.962    4.1    0.0 
      0 2015  106  25279   12.2   21.7  0.619    2.7    0.2 
      0 2015  107  15451    9.1   21.2  0.952    1.8    0.3 
      0 2015  108   4415   12.1   19.1  1.388    2.0    3.2 
      0 2015  109   7588   10.4   16.1  1.255    3.9    6.0 
      0 2015  110  25647    5.7   20.7  0.911    2.0    0.0 
      0 2015  111  14388    8.7   23.7  1.070    4.0    0.0 
      0 2015  112  23946   11.4   25.4  0.838    2.6    0.0 
      0 2015  113  24328   10.2   28.9  0.937    2.8    0.0 
      0 2015  114  24515   12.8   27.7  1.165    2.2    0.0 
      0 2015  115  24225   12.7   30.3  1.210    2.5    0.0 
      0 2015  116  19902   15.9   30.2  1.357    2.2    0.0 
      0 2015  117  23637   16.9   31.0  1.452    1.9    0.2 
      0 2015  118  25295   15.7   31.2  1.366    3.6    0.0 
      0 2015  119  25105   13.6   29.0  1.414    1.6    0.0 
      0 2015  120  23507   16.4   30.4  1.449    2.1    0.0 
      0 2015  121  16630   15.9   28.2  1.758    1.7   10.0 
      0 2015  122  24403   15.9   26.3  1.641    2.8    9.7 
      0 2015  123  15236   14.6   27.8  1.818    2.6    0.0 
      0 2015  124  24401   14.9   23.5  1.166    3.2    0.0 
      0 2015  125  25944   11.7   28.0  1.415    3.3    0.0 
      0 2015  126  21261   15.3   24.3  1.522    3.5    0.0 
      0 2015  127  20110   13.9   26.6  1.563    1.4    5.5 
      0 2015  128  23504   15.3   26.8  1.628    2.0    5.6 
      0 2015  129  14026   12.7   24.1  1.581    3.5    0.7 
      0 2015  130   8300   12.1   19.4  1.337    2.7    6.5 
      0 2015  131  24600   12.1   22.9  1.052    3.6    4.7 
      0 2015  132  28177   10.5   27.6  0.801    4.6    0.0 
      0 2015  133  27093   13.1   31.5  1.454    3.2    0.0 
      0 2015  134  22835   16.0   27.4  1.275    3.7    0.0 
      0 2015  135  26197   18.0   27.6  1.190    3.9    0.0 
      0 2015  136  24825   13.9   28.9  1.502    2.1    0.0 
      0 2015  137  23084   18.7   31.5  1.651    3.4    0.0 
      0 2015  138  27014   17.2   32.4  1.490    2.4    0.0 
      0 2015  139  26548   18.1   30.3  1.207    3.8    0.0 
      0 2015  140  26864   18.0   28.4  0.785    3.7    0.0 
      0 2015  141   8169   16.3   24.4  1.096    0.9    0.0 
      0 2015  142  20520   14.5   28.3  1.265    1.8    0.0 
      0 2015  143  26993   15.4   30.5  1.549    1.4    0.0 
      0 2015  144  26800   16.8   31.6  1.487    1.8    0.0 
      0 2015  145  25007   18.0   31.9  1.463    1.7    0.0 
      0 2015  146  20338   19.1   30.5  1.760    2.2    0.0 
      0 2015  147  27029   19.5   31.8  1.833    1.6    0.0 
      0 2015  148  22378   18.3   31.2  2.129    1.7    0.2 
      0 2015  149   9050   19.1   26.5  2.193    1.6    1.3 
      0 2015  150  26832   14.9   31.5  1.617    1.4    0.0 
      0 2015  151  22429   19.1   32.6  1.846    2.4    0.0 
      0 2015  152  17218   22.5   31.7  2.105    2.6    0.1 
      0 2015  153  20468   20.1   33.5  1.874    3.0    0.0 
      0 2015  154  24879   19.6   31.7  1.334    2.7    0.0 
      0 2015  155  10164   18.9   26.3  1.755    3.3    1.1 
      0 2015  156  29004   16.0   36.3  1.150    3.9    0.0 
      0 2015  157  25785   19.2   38.0  1.424    3.3    0.1 
      0 2015  158  22738   21.4   33.3  1.823    3.4    0.0 
      0 2015  159  25441   22.3   33.3  1.070    2.2    0.0 
      0 2015  160  26959   21.9   36.7  1.409    3.0    0.0 
      0 2015  161  25820   23.4   38.8  1.602    3.9    0.2 
      0 2015  162  27576   22.8   34.4  0.924    4.6    0.0 
      0 2015  163  24541   21.5   38.1  0.838    4.8    0.0 
      0 2015  164  25972   20.4   35.7  1.027    2.3    0.0 
      0 2015  165  23798   22.9   33.2  1.408    3.0    0.0 
      0 2015  166  10746   23.0   28.8  1.693    1.3    0.7 
      0 2015  167  14814   20.3   31.1  1.930    1.7    1.4 
      0 2015  168  26343   20.1   33.8  2.071    1.7    0.0 
      0 2015  169  23924   22.7   34.2  1.812    2.8    0.0 
      0 2015  170  24593   23.1   36.6  1.898    3.3    0.0 
      0 2015  171  17878   21.7   29.9  1.473    4.2    0.0 
      0 2015  172  24932   20.3   31.9  1.555    1.6    0.0 
      0 2015  173  21803   20.8   32.7  1.833    2.0    0.0 
      0 2015  174   5958   22.7   28.2  2.314    2.0    6.7 
      0 2015  175   5631   20.4   24.0  2.190    3.0   31.7 
      0 2015  176  12657   20.4   26.5  2.352    1.0   18.9 
      0 2015  177  14659   21.1   28.3  2.610    1.5    5.7 
      0 2015  178  19726   21.6   28.5  2.633    1.4    5.0 
      0 2015  179  14753   20.6   28.3  2.492    1.4    0.0 
      0 2015  180   5494   22.2   24.9  2.462    2.6    3.5 
      0 2015  181  11171   21.2   26.1  2.331    1.7    0.1 
      0 2015  182  28039   19.4   34.2  2.256    1.9    0.0 
      0 2015  183  22027   21.9   30.9  1.883    3.0    0.0 
      0 2015  184  18036   20.6   31.9  1.846    2.1    0.0 
      0 2015  185  26372   19.1   32.0  1.963    1.6    0.0 
      0 2015  186  22859   20.9   31.5  1.978    2.1    0.0 
      0 2015  187  14886   21.6   28.9  2.152    1.5    0.8 
      0 2015  188  22224   20.0   31.1  2.264    1.0    0.4 
      0 2015  189  24984   21.0   32.4  2.258    2.3    0.2 
      0 2015  190  25192   20.9   31.8  2.093    2.4    0.0 
      0 2015  191  24304   21.0   31.4  2.095    1.7    0.0 
      0 2015  192  21735   22.3   32.7  2.580    1.3    0.3 
      0 2015  193  24594   23.4   36.1  2.427    1.1    0.0 
      0 2015  194  20430   25.3   39.5  2.232    2.8    0.0 
      0 2015  195  24341   25.9   39.8  2.084    2.2    0.2 
      0 2015  196   4397   23.0   29.5  2.504    1.7   31.8 
      0 2015  197  17471   21.8   28.3  2.159    3.5    0.8 
      0 2015  198  13885   20.8   27.7  2.332    1.4    0.4 
      0 2015  199  22591   20.9   30.3  2.529    1.5    0.3 
      0 2015  200  17747   22.7   30.3  2.603    1.4    0.6 
      0 2015  201  22729   22.1   31.6  2.589    1.3    0.1 
      0 2015  202  22253   22.7   32.5  2.729    1.4    0.2 
      0 2015  203  16731   24.3   32.2  2.880    1.3    1.3 
      0 2015  204  19210   23.5   31.3  2.859    1.1   13.7 
      0 2015  205  23960   21.9   33.0  2.814    1.3    0.5 
      0 2015  206  22597   23.6   33.5  2.802    0.7    0.0 
      0 2015  207  25209   24.3   35.1  3.019    1.3    0.0 
      0 2015  208  23231   24.5   33.9  3.083    1.7    0.3 
      0 2015  209  23264   25.9   35.3  3.144    2.0    0.0 
      0 2015  210  23328   26.6   36.9  3.096    2.2    0.0 
      0 2015  211  19340   26.3   35.1  3.098    1.9    6.2 
      0 2015  212  13964   25.6   32.8  3.075    2.7    4.7 
      0 2015  213  14223   25.5   33.0  3.240    2.2    2.0 
      0 2015  214  17003   25.4   35.0  3.261    1.4    0.2 
      0 2015  215  12655   25.3   33.7  3.260    2.1   11.1 
      0 2015  216  13021   21.5   29.0  2.632    1.6   15.5 
      0 2015  217  13029   22.5   27.9  2.564    2.1    2.6 
      0 2015  218  22991   20.6   31.2  2.684    1.1    0.0 
      0 2015  219  21204   21.4   31.9  2.663    2.1    0.0 
      0 2015  220  18532   22.9   31.5  2.706    2.8    0.6 
      0 2015  221  18540   24.3   32.0  2.813    2.7    3.2 
      0 2015  222  19494   24.2   32.4  2.795    2.8    0.8 
      0 2015  223  23368   22.3   33.6  2.571    1.9    0.0 
      0 2015  224  18983   22.5   33.1  2.488    1.0    0.0 
      0 2015  225  21457   23.0   33.9  2.395    2.2    0.1 
      0 2015  226  15715   24.7   35.7  2.633    1.4    1.6 
      0 2015  227  22171   22.7   33.2  2.592    1.5    0.0 
      0 2015  228  24011   21.0   34.0  2.464    1.4    0.0 
      0 2015  229  17911   23.9   33.5  2.569    1.7    0.0 
      0 2015  230  10328   24.0   30.5  2.772    1.4    0.8 
      0 2015  231  14263   22.4   28.5  2.235    2.3    0.1 
      0 2015  232  17668   21.4   31.3  2.388    1.2    0.0 
      0 2015  233  21776   21.0   34.2  2.355    1.1    0.0 
      0 2015  234  21514   21.9   35.0  2.119    1.7    1.0 
      0 2015  235  20168   20.9   33.2  1.848    1.9    0.8 
      0 2015  236  19785   22.4   30.8  1.902    3.2    0.3 
      0 2015  237  19118   19.7   30.4  1.875    1.8    0.0 
      0 2015  238  19827   19.8   30.9  1.932    1.2    0.1 
      0 2015  239  21181   20.2   32.4  1.942    0.7    1.1 
      0 2015  240  20711   20.9   33.7  2.018    1.3    0.4 
      0 2015  241  19195   21.6   32.7  2.186    1.2    2.5 
      0 2015  242  15303   21.5   29.8  2.395    1.5    7.9 
      0 2015  243   4257   19.5   25.7  2.245    1.6   43.7 
      0 2015  244  17032   17.1   26.1  2.084    1.3    0.0 
      0 2015  245  20406   17.2   27.5  2.016    1.2    0.0 
      0 2015  246  19389   17.8   28.6  2.165    1.4    0.0 
      0 2015  247   3833   19.4   23.1  2.302    1.0   11.1 
      0 2015  248  17622   17.3   27.8  2.298    1.7    1.4 
      0 2015  249   7669   19.6   22.8  2.183    3.4   10.9 
      0 2015  250  20137   16.5   26.4  1.854    1.5    0.0 
      0 2015  251  19372   16.6   27.6  1.919    1.3    0.0 
      0 2015  252   9529   20.5   26.5  2.161    2.5    0.1 
      0 2015  253   4258   19.7   23.0  2.165    2.3    3.4 
      0 2015  254   9381   16.4   21.6  1.849    2.1    3.0 
      0 2015  255  22844   13.5   24.5  1.344    1.8    0.0 
      0 2015  256  20076   13.2   26.0  1.377    1.7    0.0 
      0 2015  257  21808   14.1   25.7  1.504    1.6    0.0 
      0 2015  258  19928   13.7   25.7  1.480    1.9    0.0 
      0 2015  259  18940   13.9   27.0  1.670    1.2    0.0 
      0 2015  260  16744   18.8   28.0  1.973    1.6    0.2 
      0 2015  261  16249   17.9   29.1  1.993    1.0    0.0 
      0 2015  262  16408   18.3   27.9  2.068    1.9    0.4 
      0 2015  263  20578   16.6   29.2  1.628    1.1    0.0 
      0 2015  264  19081   16.5   29.2  1.707    1.4    0.0 
      0 2015  265   8350   18.1   24.7  1.938    1.2    0.4 
      0 2015  266  18455   15.8   28.0  1.921    1.3    0.0 
      0 2015  267  12101   19.8   27.4  2.005    1.6    0.0 
      0 2015  268  16922   16.1   28.6  1.733    2.3    0.0 
      0 2015  269  17820   20.1   28.9  1.780    1.5    0.1 
      0 2015  270  14867   19.4   29.3  1.954    1.0    0.0 
      0 2015  271   9443   20.5   26.4  1.835    3.8    0.0 
      0 2015  272   7806   19.0   24.0  1.820    5.7    0.0 
      0 2015  273  13157   18.4   24.5  1.596    3.4    0.1 
      0 2015  274  20395   14.9   26.0  0.781    3.4    0.0 
      0 2015  275  15018   10.2   26.5  0.846    3.0    0.0 
      0 2015  276  13556   11.7   27.3  1.066    1.7    0.0 
      0 2015  277  13878   14.5   27.3  1.206    1.7    0.0 
      0 2015  278  18398   14.7   26.9  1.323    2.1    0.0 
      0 2015  279  10512   16.2   24.8  1.779    1.0    9.8 
      0 2015  280  13874   17.6   25.5  1.854    1.5    4.9 
      0 2015  281  11447   12.4   22.1  1.231    2.4    0.0 
      0 2015  282  19069    7.6   24.6  0.750    3.4    0.0 
      0 2015  283  17667   10.8   21.0  0.669    2.5    0.0 
      0 2015  284  18426    6.2   23.1  0.700    1.6    0.0 
      0 2015  285  18067    8.0   24.6  0.793    1.4    0.0 
      0 2015  286  17812    9.2   26.1  0.891    1.7    0.0 
      0 2015  287  17173   12.2   28.5  0.986    2.4    0.0 
      0 2015  288  17027   11.4   26.8  1.103    1.5    0.0 
      0 2015  289  17146   12.2   27.7  1.131    1.3    0.0 
      0 2015  290  16301   13.5   28.2  1.224    1.4    0.0 
      0 2015  291  13249   16.3   26.1  1.435    3.4    0.0 
      0 2015  292  15002   13.8   24.5  1.534    1.8    0.5 
      0 2015  293  15820   12.9   26.0  1.444    1.3    0.0 
      0 2015  294  15378   13.2   24.0  1.354    3.8    0.0 
      0 2015  295   7824   13.1   18.5  1.205    3.0    0.1 
      0 2015  296   7220   11.2   19.6  1.273    1.4    0.0 
      0 2015  297  10288   12.2   21.2  1.328    3.5    0.6 
      0 2015  298   1395   11.4   16.7  1.182    6.0   31.4 
      0 2015  299   6842    8.5   19.7  1.053    2.1    2.7 
      0 2015  300  15751    2.9   19.5  0.734    2.4    0.0 
      0 2015  301  14705    8.0   19.3  0.867    2.2    0.2 
      0 2015  302  14493    7.0   18.0  0.737    2.6    0.0 
      0 2015  303  14632    6.1   15.6  0.584    1.7    0.0 
      0 2015  304   6482    5.6   14.3  0.831    1.8    0.3 
      0 2015  305  12342    7.5   17.1  0.905    2.1    0.3 
      0 2015  306  14745    3.8   19.0  0.738    1.9    0.0 
      0 2015  307  14000    5.9   18.8  0.818    1.4    0.0 
      0 2015  308  13621    6.6   19.8  1.006    1.2    0.0 
      0 2015  309   5001    8.8   17.3  1.149    4.4    6.6 
      0 2015  310   1828    4.2   10.6  0.742    7.3   10.5 
      0 2015  311   6787    5.2    9.8  0.752    2.9    0.3 
      0 2015  312   8280    4.6   11.0  0.888    1.1    2.5 
      0 2015  313  11112    4.1   13.9  0.938    1.1    0.0 
      0 2015  314   4766    7.3   11.6  0.977    1.2    1.8 
      0 2015  315   5588    7.3   12.3  0.981    2.0    0.0 
      0 2015  316   3091    7.1   11.7  0.963    2.1    0.3 
      0 2015  317   7319    6.4   13.3  0.997    1.1    0.0 
      0 2015  318   9326    7.9   15.4  1.071    2.2    0.0 
      0 2015  319   3160    8.7   13.9  1.183    2.2    4.4 
      0 2015  320   5202    7.2   14.0  1.096    2.0    0.5 
      0 2015  321   4651    5.4   11.2  0.933    3.5    2.0 
      0 2015  322   7255    5.8   10.3  0.849    2.7    0.4 
      0 2015  323   7130    5.3   12.6  0.951    1.5    0.0 
      0 2015  324   2972    7.2   11.8  1.077    1.2    0.8 
      0 2015  325   1568    6.3   10.1  1.030    3.8    4.0 
      0 2015  326    926    2.7    6.3  0.637    5.2    4.4 
      0 2015  327   4522   -0.5    4.2  0.515    5.3    6.5 
      0 2015  328   6592   -5.1   -0.6  0.438    3.9    9.5 
      0 2015  329  10974   -9.8    3.2  0.434    2.2    0.0 
      0 2015  330   9833   -9.8   -4.5  0.381    1.6    0.2 
      0 2015  331  11295   -9.2    1.1  0.445    2.5    0.0 
      0 2015  332   8796   -5.7    1.1  0.490    1.6    0.0 
      0 2015  333   9395   -5.2    2.4  0.507    1.6    0.1 
      0 2015  334   7774   -3.3    4.1  0.550    1.3    0.1 
      0 2015  335   9305    2.1   12.1  0.737    2.2    0.2 
      0 2015  336  11465    2.6   11.0  0.366    3.3    0.0 
      0 2015  337  11492   -0.0    9.9  0.270    3.3    0.0 
      0 2015  338  11444   -4.4    9.0  0.333    2.0    0.0 
      0 2015  339   6869   -1.7    8.5  0.411    2.0    0.0 
      0 2015  340  10639   -1.9    9.1  0.466    1.2    0.0 
      0 2015  341   8887   -0.1    8.8  0.587    2.2    0.0 
      0 2015  342   9307    0.8   10.1  0.680    1.2    0.0 
      0 2015  343   8421    2.2   10.6  0.760    1.0    0.0 
      0 2015  344   7440    1.6   10.2  0.737    2.1    0.0 
      0 2015  345   9521   -0.7    7.5  0.485    3.2    0.0 
      0 2015  346   9863   -1.9    7.2  0.496    1.5    0.0 
      0 2015  347   8852   -2.3    7.8  0.519    1.0    0.0 
      0 2015  348  10075   -1.2   11.9  0.486    2.3    0.0 
      0 2015  349  10768   -3.9    9.6  0.318    2.1    0.0 
      0 2015  350  11020   -3.8    6.5  0.211    2.4    0.0 
      0 2015  351  10947   -5.6    5.3  0.239    1.8    0.0 
      0 2015  352  10297   -3.4    7.8  0.325    1.6    0.0 
      0 2015  353   7012   -0.8    6.3  0.359    1.9    0.0 
      0 2015  354  10441   -3.3    8.6  0.402    2.2    0.0 
      0 2015  355   9596   -2.5    8.5  0.499    1.2    0.0 
      0 2015  356   7870    0.7    8.2  0.605    0.6    0.0 
      0 2015  357   9057   -2.3    9.1  0.578    1.3    0.0 
      0 2015  358   8459   -0.3   11.2  0.574    1.6    0.0 
      0 2015  359  10870   -1.9   12.2  0.356    3.5    0.0 
      0 2015  360  10833   -1.5   14.2  0.413    3.2    0.0 
      0 2015  361   6978   -2.8    2.7  0.381    4.0    0.0 
      0 2015  362  10643   -4.6    6.2  0.427    2.2    0.0 
      0 2015  363  10775   -2.4   11.9  0.482    3.0    0.0 
      0 2015  364  11024   -3.6   11.0  0.402    1.9    0.0 
      0 2015  365  10853   -2.8    9.8  0.434    1.7    0.0 
