*---------------------------------------------------------------------------*
*Station name: 35.135916 113.763737
* Column  Daily value
* 1       station number
* 2       year
* 3       day
* 4       irradiation                   (kJ m-2 d-1)
* 5       minimum temperature           (degrees Celsius)
* 6       maximum temperature           (degrees Celsius)
* 7       early morning vapour pressure (kPa)
* 8       mean wind speed (height: 2 m) (m s-1)
* 9       precipitation                 (mm d-1)
*
* era5
* Created by era2cabo, by Alex 
* File created: 2019-05-11 02:16:08.502664
** WCCFORMAT=2
*---------------------------------------------------------------------------*
113.763737  35.135916  50.000000  -0.180000  -0.550000 
      0 2002    1  11018   -3.2    8.0  0.370    2.6   -0.0 
      0 2002    2  11362   -4.7   11.8  0.337    2.3   -0.0 
      0 2002    3  11193   -3.2   10.9  0.385    2.2   -0.0 
      0 2002    4  11500   -1.2   15.6  0.398    2.9   -0.0 
      0 2002    5  11388   -2.8   13.8  0.436    1.3   -0.0 
      0 2002    6   9990   -0.0   17.4  0.483    2.5   -0.0 
      0 2002    7  11557   -1.9    7.2  0.358    1.8   -0.0 
      0 2002    8  11524   -3.3    9.2  0.394    0.9   -0.0 
      0 2002    9  11540   -1.5   15.6  0.431    3.4   -0.0 
      0 2002   10  11879   -0.9   17.5  0.437    3.0   -0.0 
      0 2002   11  11904   -0.8   16.8  0.470    1.2   -0.0 
      0 2002   12   7968    1.5   12.9  0.534    2.4    1.8 
      0 2002   13   5345    2.0    8.0  0.493    2.4    0.1 
      0 2002   14   5439    1.8    7.8  0.628    1.7    1.4 
      0 2002   15   8088    2.3   10.0  0.571    3.0    1.3 
      0 2002   16  10496    0.1    7.6  0.514    2.3    0.3 
      0 2002   17   7009   -1.8    5.4  0.549    1.0    0.0 
      0 2002   18   7832   -1.1    6.5  0.528    0.8    0.0 
      0 2002   19  10348   -2.1   11.3  0.580    1.8   -0.0 
      0 2002   20  13085   -0.6   10.1  0.314    2.7   -0.0 
      0 2002   21  13338   -5.7    9.5  0.262    2.2   -0.0 
      0 2002   22  13220   -5.1    5.8  0.263    2.1   -0.0 
      0 2002   23  13346   -4.2    7.0  0.286    1.8   -0.0 
      0 2002   24  12031   -2.6    7.8  0.343    1.4   -0.0 
      0 2002   25  10239   -3.8    6.6  0.364    1.3   -0.0 
      0 2002   26  12305   -1.9    9.1  0.449    1.7   -0.0 
      0 2002   27   8316   -0.6    6.9  0.462    1.9   -0.0 
      0 2002   28  13731   -4.5    8.6  0.388    1.7   -0.0 
      0 2002   29  14283   -4.5   10.7  0.284    2.3   -0.0 
      0 2002   30  14103   -4.6    9.9  0.320    1.2   -0.0 
      0 2002   31  11382   -4.1   10.5  0.297    1.8   -0.0 
      0 2002   32  14562   -2.0   11.1  0.264    2.1   -0.0 
      0 2002   33  14605   -4.0   12.0  0.332    1.3   -0.0 
      0 2002   34  13678   -2.5   12.4  0.408    1.1   -0.0 
      0 2002   35  13736    0.4   14.6  0.510    1.5   -0.0 
      0 2002   36  14797   -1.2   16.0  0.485    2.6   -0.0 
      0 2002   37  10504   -0.1   14.1  0.413    1.7   -0.0 
      0 2002   38  14330   -2.6   13.4  0.402    2.0   -0.0 
      0 2002   39  15263   -0.2   10.3  0.353    3.1   -0.0 
      0 2002   40   9612   -1.1   11.4  0.342    2.2    0.0 
      0 2002   41  15898   -2.9   14.1  0.291    2.7   -0.0 
      0 2002   42  15793   -3.0   15.4  0.335    1.7   -0.0 
      0 2002   43  15977    0.0   19.2  0.395    2.6   -0.0 
      0 2002   44  10505    3.3   11.2  0.335    3.7   -0.0 
      0 2002   45   8999    1.3    9.9  0.428    1.8   -0.0 
      0 2002   46  12252    3.6   13.3  0.532    1.9   -0.0 
      0 2002   47  15597    1.8   18.9  0.618    3.1   -0.0 
      0 2002   48  16534    0.4   17.5  0.494    2.3   -0.0 
      0 2002   49   8443    1.6    8.6  0.410    3.9   -0.0 
      0 2002   50  16007   -0.9   11.5  0.420    2.0   -0.0 
      0 2002   51  15250    2.7   14.8  0.626    3.3   -0.0 
      0 2002   52  16250    3.8   19.3  0.720    2.2   -0.0 
      0 2002   53  12543    4.4   15.3  0.535    3.2   -0.0 
      0 2002   54  17359    4.3   14.5  0.491    2.4   -0.0 
      0 2002   55  15546    0.9   13.4  0.531    1.7   -0.0 
      0 2002   56  14201    4.3   16.1  0.623    1.2    0.0 
      0 2002   57  14576    2.4   15.7  0.652    1.3   -0.0 
      0 2002   58  11737    6.9   15.0  0.618    2.1   -0.0 
      0 2002   59  18258    1.9   16.8  0.685    2.3   -0.0 
      0 2002   60  10802    2.7   13.2  0.876    1.9    0.7 
      0 2002   61   9896    2.5    9.1  0.620    6.1    3.3 
      0 2002   62   7993    0.4    6.3  0.417    2.6    0.6 
      0 2002   63   4686    0.9    3.8  0.647    1.4    6.0 
      0 2002   64  19471   -0.5   14.4  0.526    2.9   -0.0 
      0 2002   65  18899   -1.5   16.8  0.487    2.7    0.0 
      0 2002   66  19795    0.1   15.3  0.500    2.3   -0.0 
      0 2002   67  19612    1.3   18.3  0.590    1.8   -0.0 
      0 2002   68  19158    6.2   22.0  0.933    2.2    0.0 
      0 2002   69  13167    8.4   17.0  0.655    4.2    1.1 
      0 2002   70  13324    8.3   19.2  0.909    1.6    0.1 
      0 2002   71  19657    6.2   22.5  1.094    1.6   -0.0 
      0 2002   72   6377   10.9   16.1  1.336    1.9    6.4 
      0 2002   73  19986    9.5   24.6  1.090    2.5    0.0 
      0 2002   74  16281    8.4   19.9  0.774    2.1   -0.0 
      0 2002   75  10569    6.0   20.7  0.695    2.0   -0.0 
      0 2002   76  21895    6.1   17.9  0.397    3.4   -0.0 
      0 2002   77  21052    2.5   20.5  0.675    2.1    0.1 
      0 2002   78  21084    6.5   24.6  1.021    2.3   -0.0 
      0 2002   79   6004    5.9   17.4  0.926    2.4    1.8 
      0 2002   80  11272    2.7   16.5  0.655    3.3    0.3 
      0 2002   81  22725    3.8   17.0  0.402    3.0   -0.0 
      0 2002   82  16527    1.1   17.8  0.513    1.9   -0.0 
      0 2002   83  22471    7.4   17.4  0.509    2.7   -0.0 
      0 2002   84  19063    7.4   18.8  0.859    2.9   -0.0 
      0 2002   85  22042    7.0   22.9  1.004    3.3   -0.0 
      0 2002   86  14866    9.3   19.0  1.051    2.9    0.2 
      0 2002   87  20272    8.0   24.4  1.214    2.7    0.0 
      0 2002   88  21007    7.3   26.9  1.039    2.1    0.3 
      0 2002   89  23536   12.3   24.3  0.515    2.4   -0.0 
      0 2002   90  23715    8.7   26.9  0.777    3.0   -0.0 
      0 2002   91  22020   12.8   27.8  1.298    1.4   -0.0 
      0 2002   92  22890   12.8   30.2  1.523    1.3   -0.0 
      0 2002   93  19511   15.0   22.6  1.020    5.3    0.0 
      0 2002   94  12399   12.8   21.6  0.910    3.4    0.2 
      0 2002   95   2692   12.7   17.3  1.410    1.2    3.7 
      0 2002   96  23757    8.3   26.4  1.358    2.8    0.0 
      0 2002   97  11334    8.4   19.0  0.648    3.2    0.0 
      0 2002   98  25197    5.8   17.7  0.395    3.5   -0.0 
      0 2002   99  21506    2.1   16.9  0.473    2.1    0.0 
      0 2002  100  20771    6.8   18.6  0.657    1.7   -0.0 
      0 2002  101  24128    4.5   25.1  0.719    3.2    0.0 
      0 2002  102  25072    7.7   21.4  0.672    2.6   -0.0 
      0 2002  103  24888   10.2   30.9  1.091    3.7   -0.0 
      0 2002  104  24458   13.7   31.8  1.407    3.7   -0.0 
      0 2002  105  14321   12.3   22.6  0.819    5.9    2.1 
      0 2002  106  24132    7.8   23.3  0.803    2.4   -0.0 
      0 2002  107  22704    5.9   19.2  0.559    2.2   -0.0 
      0 2002  108  25727    7.9   21.6  0.740    2.5   -0.0 
      0 2002  109  19854   11.5   23.2  1.166    2.7   -0.0 
      0 2002  110  25261   11.1   25.7  1.425    3.0   -0.0 
      0 2002  111  25272   13.5   29.0  1.707    3.2   -0.0 
      0 2002  112  11854   12.0   24.5  1.539    4.7    0.6 
      0 2002  113   6268   11.3   14.7  0.982    3.4    2.0 
      0 2002  114  22616    9.6   16.6  0.519    3.9   -0.0 
      0 2002  115  10570    9.4   15.3  0.652    1.6   -0.0 
      0 2002  116   4236   10.9   12.9  0.905    1.2    0.7 
      0 2002  117   3150   10.7   13.9  0.954    1.8    0.8 
      0 2002  118   1827   11.2   12.9  1.304    2.2   12.8 
      0 2002  119  11492   10.5   18.3  1.400    1.0    1.4 
      0 2002  120  15688   11.0   20.2  1.329    3.2    0.0 
      0 2002  121  21137   10.1   21.3  0.937    2.9    4.4 
      0 2002  122  18200   12.1   20.5  1.377    1.3    1.1 
      0 2002  123  23528    9.6   23.9  1.500    1.2   -0.0 
      0 2002  124  14754   11.7   24.2  1.584    2.3    0.0 
      0 2002  125   2153   12.9   18.1  1.517    4.5   15.9 
      0 2002  126   7884    9.3   15.6  1.254    3.8    7.0 
      0 2002  127  23145    7.8   21.0  1.323    1.2   -0.0 
      0 2002  128  17212   11.4   22.2  1.489    1.8    0.0 
      0 2002  129   8081   13.5   20.1  1.650    1.3    4.3 
      0 2002  130  20660   13.3   24.2  1.802    2.6    0.0 
      0 2002  131  24867   14.9   28.4  2.061    2.8   -0.0 
      0 2002  132  19698   16.6   28.4  2.222    1.6    0.0 
      0 2002  133   6593   17.6   22.7  2.136    3.1   10.3 
      0 2002  134   1897   14.9   17.6  1.651    6.2   26.8 
      0 2002  135  15683   13.6   21.0  1.431    3.4    1.1 
      0 2002  136  22931   11.0   23.1  1.437    2.6    0.1 
      0 2002  137  23148   10.5   23.5  1.497    2.1    0.1 
      0 2002  138  20480   11.2   24.2  1.553    1.2   -0.0 
      0 2002  139  26228   14.3   26.3  1.631    1.6   -0.0 
      0 2002  140   7367   15.7   21.9  1.676    1.5    1.2 
      0 2002  141   9556   13.5   20.8  1.521    1.5    1.0 
      0 2002  142  25823   11.3   26.3  1.606    1.8   -0.0 
      0 2002  143  22639   14.4   28.2  1.689    1.6   -0.0 
      0 2002  144  24154   16.7   29.9  1.776    1.4    0.0 
      0 2002  145  26453   15.0   30.9  1.643    1.6    0.3 
      0 2002  146  25917   15.2   31.5  1.589    2.5    0.1 
      0 2002  147  23690   15.9   29.5  1.599    2.3    1.3 
      0 2002  148  22785   14.5   29.5  1.799    1.9   -0.0 
      0 2002  149  23681   18.0   31.3  1.981    3.1   -0.0 
      0 2002  150  26174   19.1   32.5  2.042    1.0   -0.0 
      0 2002  151  25630   20.0   35.0  2.104    1.9   -0.0 
      0 2002  152  26762   21.9   36.5  2.048    1.7    0.4 
      0 2002  153  24725   22.6   35.0  2.125    2.0    0.6 
      0 2002  154  24251   22.1   35.9  1.934    1.6   -0.0 
      0 2002  155  28216   20.2   36.9  1.609    1.3   -0.0 
      0 2002  156  26873   22.7   37.1  1.837    1.6    0.0 
      0 2002  157  24680   23.4   36.7  2.066    1.5    0.1 
      0 2002  158  25522   24.8   37.6  1.996    2.5   -0.0 
      0 2002  159  13594   21.9   31.3  1.950    6.5    1.1 
      0 2002  160   2853   17.5   21.9  1.712    3.6   26.6 
      0 2002  161  27474   16.9   32.8  1.820    3.4    0.0 
      0 2002  162  29042   15.4   33.2  1.338    3.5   -0.0 
      0 2002  163  29642   15.7   34.9  1.161    2.5   -0.0 
      0 2002  164  28884   17.6   33.8  1.323    2.2   -0.0 
      0 2002  165  26545   20.7   34.9  1.694    2.6    0.0 
      0 2002  166  21189   23.1   32.2  1.871    4.1    0.0 
      0 2002  167  25105   23.7   35.2  2.071    1.9    0.2 
      0 2002  168  26063   22.9   37.9  2.000    1.9   -0.0 
      0 2002  169  20713   26.1   37.1  1.905    2.4   -0.0 
      0 2002  170  24955   23.9   35.8  2.141    1.3    0.0 
      0 2002  171  21140   25.6   36.3  2.370    3.4    1.7 
      0 2002  172  20557   26.0   35.0  2.261    3.8    0.8 
      0 2002  173   5362   22.1   27.9  2.154    4.5    5.7 
      0 2002  174  10818   19.8   25.3  1.907    2.6    4.3 
      0 2002  175  18000   18.1   28.2  1.941    1.4    0.0 
      0 2002  176  13481   19.1   27.8  2.174    1.6    0.1 
      0 2002  177   7833   21.8   26.8  2.417    2.5    1.8 
      0 2002  178  10446   21.1   26.0  2.338    2.0    9.6 
      0 2002  179  18405   19.7   29.0  2.311    1.8    0.0 
      0 2002  180  17607   21.9   29.5  2.406    2.4    0.2 
      0 2002  181  17751   20.9   30.6  2.575    2.0    2.8 
      0 2002  182  21434   22.1   32.3  2.817    1.8    6.4 
      0 2002  183  20459   22.2   32.8  2.794    1.5    2.3 
      0 2002  184  16549   23.7   31.4  2.889    1.9    5.5 
      0 2002  185  19566   23.0   30.3  2.587    2.9    4.5 
      0 2002  186  17122   22.7   30.0  2.707    2.3    8.6 
      0 2002  187  22312   22.3   32.2  2.590    1.9    0.0 
      0 2002  188  21783   22.6   32.1  2.803    1.5    0.2 
      0 2002  189  23286   24.0   33.1  2.776    1.1    0.1 
      0 2002  190  23771   23.4   33.5  2.601    1.0   -0.0 
      0 2002  191  27968   22.1   35.5  2.450    2.5   -0.0 
      0 2002  192  25790   23.6   36.7  2.760    2.4   -0.0 
      0 2002  193  25589   25.8   37.1  2.974    2.1   -0.0 
      0 2002  194  20234   27.4   36.6  2.931    2.6    0.4 
      0 2002  195  27696   25.2   40.0  2.218    1.8   -0.0 
      0 2002  196  25723   25.3   40.8  2.315    2.0   -0.0 
      0 2002  197  21627   26.5   37.5  2.202    2.7   -0.0 
      0 2002  198  25875   25.3   37.3  2.263    2.2    5.8 
      0 2002  199  22003   23.5   32.4  2.570    1.8    5.3 
      0 2002  200  19420   21.9   31.3  2.440    1.9    4.7 
      0 2002  201  13566   22.0   29.2  2.404    2.2   17.2 
      0 2002  202  13397   22.4   29.0  2.519    2.1    0.6 
      0 2002  203  10273   21.9   27.7  2.695    1.1   18.5 
      0 2002  204  20390   22.6   29.8  2.621    2.0    0.8 
      0 2002  205  19508   21.9   30.8  2.693    0.9    0.0 
      0 2002  206  21709   21.2   31.1  2.628    2.3    1.4 
      0 2002  207  17115   22.8   29.1  2.274    4.1    0.7 
      0 2002  208   4418   20.6   24.7  2.306    3.2    7.3 
      0 2002  209  10058   22.5   27.5  2.697    1.3    2.5 
      0 2002  210  18034   23.7   30.9  3.043    1.7    0.7 
      0 2002  211  21779   23.6   33.3  3.206    1.4    0.1 
      0 2002  212  24032   24.5   34.5  3.330    1.4    0.5 
      0 2002  213  21902   25.3   34.2  3.437    1.4    2.7 
      0 2002  214  23703   25.6   34.2  3.388    1.6    0.2 
      0 2002  215  21870   25.8   33.7  3.399    1.3    1.4 
      0 2002  216  22584   26.5   35.6  3.495    1.8    1.7 
      0 2002  217  16225   26.1   35.2  3.343    2.9    7.4 
      0 2002  218  18692   24.9   30.6  2.416    4.1    2.8 
      0 2002  219  24314   20.7   29.8  1.640    3.5   -0.0 
      0 2002  220  24060   18.5   29.3  1.798    2.3   -0.0 
      0 2002  221  18061   21.0   28.7  1.906    1.9    0.0 
      0 2002  222  18482   20.4   27.8  1.929    1.8    0.1 
      0 2002  223  20102   20.0   29.7  1.982    1.6   -0.0 
      0 2002  224  16380   21.3   29.8  2.053    1.1    0.1 
      0 2002  225  20846   20.4   30.4  2.084    2.1    0.0 
      0 2002  226  23459   19.3   29.7  2.188    1.5    0.0 
      0 2002  227  18874   19.8   29.3  2.294    1.2    0.1 
      0 2002  228  20012   20.4   31.1  2.317    1.4    2.4 
      0 2002  229  12258   21.9   29.7  2.317    1.4    0.5 
      0 2002  230  20338   19.5   30.8  2.272    1.9    1.6 
      0 2002  231  21061   21.5   30.2  2.273    3.0    0.3 
      0 2002  232   9123   22.8   28.1  2.230    2.8    7.2 
      0 2002  233  12340   21.8   29.2  2.597    1.4    0.3 
      0 2002  234  22311   23.4   34.9  3.011    2.6   -0.0 
      0 2002  235  22045   24.5   36.2  2.787    1.4    1.3 
      0 2002  236  12503   25.6   30.5  2.804    3.1   12.0 
      0 2002  237  16240   23.3   30.8  2.805    1.5    1.8 
      0 2002  238  19698   22.2   30.5  2.610    1.2    1.7 
      0 2002  239  22273   22.0   32.8  2.747    1.5    0.1 
      0 2002  240  22885   22.9   34.7  2.844    1.7    0.4 
      0 2002  241  20730   23.2   34.0  2.753    1.3    1.7 
      0 2002  242  21774   23.5   34.3  2.819    1.4    0.0 
      0 2002  243  23206   22.6   36.2  2.611    1.5   -0.0 
      0 2002  244  24235   21.8   37.7  2.138    2.7   -0.0 
      0 2002  245  23820   23.7   36.2  2.131    2.4   -0.0 
      0 2002  246  22187   21.8   29.9  1.879    6.3    0.0 
      0 2002  247  17876   20.4   29.5  1.791    4.7    0.0 
      0 2002  248   7943   18.2   22.7  1.512    5.3    0.5 
      0 2002  249  22463   18.5   27.5  1.242    3.2   -0.0 
      0 2002  250  23692   16.5   29.0  1.254    2.1   -0.0 
      0 2002  251  23836   14.0   30.9  1.417    1.3   -0.0 
      0 2002  252  20738   17.8   32.3  1.809    2.2   -0.0 
      0 2002  253  17095   21.9   32.4  2.186    1.8    0.2 
      0 2002  254   7917   17.1   27.5  2.306    4.0    9.1 
      0 2002  255   3489   15.0   18.5  1.404    4.9    9.1 
      0 2002  256   2206   14.9   16.4  1.481    2.9    6.5 
      0 2002  257  11077   14.2   21.3  1.603    1.0    5.2 
      0 2002  258  16610   13.6   23.2  1.660    1.2    2.2 
      0 2002  259  20197   13.6   25.6  1.645    1.8   -0.0 
      0 2002  260  21122   15.8   26.5  1.620    0.9   -0.0 
      0 2002  261  19312   15.0   27.0  1.637    1.2   -0.0 
      0 2002  262  12132   17.3   25.8  1.811    1.7    0.0 
      0 2002  263   4913   16.6   20.9  1.733    3.0    5.7 
      0 2002  264   7358   13.6   20.4  1.681    1.3    2.5 
      0 2002  265  21255   10.7   27.6  1.353    2.0   -0.0 
      0 2002  266  21208   11.5   28.3  1.328    1.8   -0.0 
      0 2002  267  17610   14.7   28.2  1.433    2.3   -0.0 
      0 2002  268  19432   16.3   28.9  1.583    1.5   -0.0 
      0 2002  269  18690   15.1   28.0  1.729    1.8    1.1 
      0 2002  270  20312   16.2   28.6  1.326    3.4    0.8 
      0 2002  271  19425   11.2   26.1  1.017    1.8   -0.0 
      0 2002  272  18593   12.0   25.7  1.284    1.3   -0.0 
      0 2002  273  19026   13.8   28.3  1.330    2.3   -0.0 
      0 2002  274  20102   14.7   29.7  1.087    2.4   -0.0 
      0 2002  275  19499   11.7   29.9  1.080    2.4   -0.0 
      0 2002  276  19337   14.1   27.0  1.019    3.0   -0.0 
      0 2002  277  18534   14.3   31.8  1.266    2.3    0.2 
      0 2002  278  18147   14.3   27.5  0.906    2.3   -0.0 
      0 2002  279  17759    9.3   23.5  0.643    1.7   -0.0 
      0 2002  280  19041    7.8   22.9  0.729    1.6   -0.0 
      0 2002  281  18777    8.3   23.7  0.817    1.5   -0.0 
      0 2002  282  18187   10.4   26.3  0.919    1.8   -0.0 
      0 2002  283  14025   15.1   24.6  1.185    1.0    0.0 
      0 2002  284  15974   16.6   27.2  1.338    1.1   -0.0 
      0 2002  285  16111   15.2   29.7  1.262    1.6    0.0 
      0 2002  286  15908   15.0   24.9  0.856    1.8    0.3 
      0 2002  287  17447   13.9   30.2  1.246    2.9    0.3 
      0 2002  288  17563   11.6   28.7  0.998    1.5   -0.0 
      0 2002  289  16684   14.5   29.8  1.409    1.6   -0.0 
      0 2002  290  11405   17.8   27.5  1.749    2.0    0.6 
      0 2002  291   7030   10.3   19.3  1.314    6.4    0.9 
      0 2002  292   1590    7.0   10.2  0.908    5.3   12.3 
      0 2002  293  13176    6.5   14.5  0.853    2.3    1.4 
      0 2002  294  11163    6.6   12.8  0.684    3.9   -0.0 
      0 2002  295  11346    6.9   12.0  0.552    2.6   -0.0 
      0 2002  296  16118    5.3   20.0  0.797    3.5   -0.0 
      0 2002  297  15668    6.1   20.2  0.810    2.5   -0.0 
      0 2002  298   6895    6.2   12.2  0.711    3.5    0.4 
      0 2002  299  15752    2.5   17.5  0.793    2.1   -0.0 
      0 2002  300   8443    6.0   11.7  0.614    4.1   -0.0 
      0 2002  301   8225    4.7   10.5  0.465    3.4    0.0 
      0 2002  302  13918    4.2   14.2  0.635    1.3   -0.0 
      0 2002  303   2994    6.5   12.9  0.994    0.8    1.1 
      0 2002  304   4248    8.3   11.5  0.930    2.2    0.3 
      0 2002  305   8924    6.7   15.0  0.696    2.1    0.0 
      0 2002  306  15214    3.3   15.7  0.335    3.5   -0.0 
      0 2002  307  14935    3.0   16.0  0.355    3.3   -0.0 
      0 2002  308  14607    2.3   21.0  0.503    2.7   -0.0 
      0 2002  309  14241    2.9   20.5  0.662    1.8   -0.0 
      0 2002  310  13664    5.8   19.3  0.778    2.0   -0.0 
      0 2002  311  13722    5.6   17.1  0.726    2.1   -0.0 
      0 2002  312  13856    2.9   13.9  0.527    2.2   -0.0 
      0 2002  313  12632    2.5   15.1  0.491    2.9   -0.0 
      0 2002  314  12297    3.6   22.3  0.763    2.7   -0.0 
      0 2002  315   9338    7.4   20.4  0.661    2.4   -0.0 
      0 2002  316   8498    4.2   15.3  0.533    2.3   -0.0 
      0 2002  317  12789    2.6   13.1  0.447    2.4   -0.0 
      0 2002  318   7596    2.8   13.4  0.526    1.8   -0.0 
      0 2002  319  10499    4.4   15.2  0.634    1.4   -0.0 
      0 2002  320  12482    2.4   19.6  0.616    3.1   -0.0 
      0 2002  321  12083    1.8    8.1  0.420    3.3   -0.0 
      0 2002  322   3324   -1.1    3.2  0.346    2.1    1.0 
      0 2002  323   8036   -1.2    7.4  0.488    1.7    0.0 
      0 2002  324  11456    0.5   13.4  0.627    1.7   -0.0 
      0 2002  325  11650    1.1   11.5  0.640    1.6   -0.0 
      0 2002  326  11449    2.5   13.0  0.736    1.7   -0.0 
      0 2002  327   9097    2.3   12.1  0.733    1.4    0.0 
      0 2002  328  11270    0.8   14.8  0.561    1.5    0.0 
      0 2002  329  11900    0.0   14.9  0.404    2.5   -0.0 
      0 2002  330  11816   -1.5    8.3  0.332    1.8   -0.0 
      0 2002  331  11302   -0.1   13.3  0.451    1.7   -0.0 
      0 2002  332  11146    0.6   14.0  0.505    2.2   -0.0 
      0 2002  333  10309    4.0   12.7  0.478    1.4   -0.0 
      0 2002  334  11369   -0.2   16.1  0.522    1.7   -0.0 
      0 2002  335   9679    4.0   14.5  0.615    1.3   -0.0 
      0 2002  336   6177    5.0   12.3  0.678    1.3    1.5 
      0 2002  337   8624    6.2   14.8  0.880    1.3    2.7 
      0 2002  338   9689    2.7   14.8  0.825    2.5    0.1 
      0 2002  339   3400    3.7    7.6  0.408    5.8    0.6 
      0 2002  340   3411    1.1    4.4  0.509    3.9    3.4 
      0 2002  341   4559    0.2    3.5  0.552    3.4    2.3 
      0 2002  342   8756   -2.7    5.7  0.494    1.4    0.2 
      0 2002  343  10991   -5.9    6.5  0.381    1.4   -0.0 
      0 2002  344  10884   -4.2    8.8  0.436    1.3   -0.0 
      0 2002  345   9512   -3.2    6.8  0.483    1.7   -0.0 
      0 2002  346  10555   -2.7    5.4  0.499    1.4    0.0 
      0 2002  347   5917   -3.2    5.5  0.541    2.2    0.0 
      0 2002  348   4550   -0.2    7.4  0.625    1.7    0.0 
      0 2002  349   8794   -2.4    6.6  0.555    1.6    0.0 
      0 2002  350   8174   -3.5    5.2  0.560    1.7    0.0 
      0 2002  351  10040   -1.3    9.4  0.639    1.9    0.0 
      0 2002  352   4926   -0.3    7.7  0.658    2.4    0.0 
      0 2002  353   4870   -1.4    5.8  0.574    3.0   -0.0 
      0 2002  354   2609    1.3    3.2  0.559    4.2    3.1 
      0 2002  355   2548    1.2    3.5  0.583    4.4    1.8 
      0 2002  356   2513   -0.2    1.9  0.533    3.6    7.3 
      0 2002  357   7127   -3.1    0.6  0.474    1.9    2.8 
      0 2002  358   3904   -4.8    0.0  0.416    1.2    1.6 
      0 2002  359  10047   -7.9   -0.8  0.283    1.4    0.5 
      0 2002  360  11272  -11.6    1.7  0.221    1.8   -0.0 
      0 2002  361  10157  -10.6    2.8  0.230    2.5   -0.0 
      0 2002  362  10914   -5.7    5.0  0.303    1.8   -0.0 
      0 2002  363  10042   -5.7    4.0  0.308    1.9   -0.0 
      0 2002  364  11244   -7.1    4.5  0.296    1.7   -0.0 
      0 2002  365  11296   -7.4    3.5  0.284    1.6   -0.0 
