*---------------------------------------------------------------------------*
*Station name: 35.135916 113.763737
* Column  Daily value
* 1       station number
* 2       year
* 3       day
* 4       irradiation                   (kJ m-2 d-1)
* 5       minimum temperature           (degrees Celsius)
* 6       maximum temperature           (degrees Celsius)
* 7       early morning vapour pressure (kPa)
* 8       mean wind speed (height: 2 m) (m s-1)
* 9       precipitation                 (mm d-1)
*
* era5
* Created by era2cabo, by Alex 
* File created: 2019-05-10 12:42:03.856215
** WCCFORMAT=2
*---------------------------------------------------------------------------*
113.763737  35.135916  50.000000  -0.180000  -0.550000 
      0 1995    1   9773   -2.9    4.4  0.451    1.6    0.0 
      0 1995    2  10061   -3.5    7.2  0.430    2.3    0.0 
      0 1995    3  11341   -5.9    7.2  0.351    1.6    0.0 
      0 1995    4  11320   -5.8    8.3  0.326    2.0    0.0 
      0 1995    5  11358   -2.7   11.9  0.374    3.1    0.0 
      0 1995    6  11537   -3.1   13.8  0.446    3.1    0.0 
      0 1995    7  11665   -2.7   13.4  0.478    2.0    0.0 
      0 1995    8  11779   -2.2   14.5  0.421    3.4    0.0 
      0 1995    9  10013   -3.2    4.9  0.331    2.0    0.1 
      0 1995   10   8638   -1.6    5.6  0.422    1.9    0.1 
      0 1995   11  10953   -2.2    8.7  0.417    2.8    0.0 
      0 1995   12  12407   -4.3    8.3  0.231    2.7    0.0 
      0 1995   13  11484   -5.8    4.4  0.279    1.6    0.0 
      0 1995   14  10829   -5.1    4.4  0.308    1.9    0.0 
      0 1995   15  10934   -3.6    8.3  0.376    2.4    0.0 
      0 1995   16  12501   -5.1    8.7  0.403    1.8    0.0 
      0 1995   17  12114   -2.1    7.6  0.399    1.6    0.0 
      0 1995   18  10795   -2.1    4.3  0.302    4.5    0.0 
      0 1995   19  11959   -2.7    7.2  0.323    2.2    0.0 
      0 1995   20   9119   -3.1    6.8  0.470    1.2    0.0 
      0 1995   21   7916   -1.2    7.2  0.562    1.0    0.1 
      0 1995   22   9636   -4.0    7.7  0.457    1.3    0.0 
      0 1995   23  13201   -5.1    8.8  0.303    2.1    0.0 
      0 1995   24  13497   -5.6   10.1  0.277    2.7    0.0 
      0 1995   25  11692   -4.1    9.5  0.286    2.9    0.0 
      0 1995   26  13531   -4.1    4.3  0.201    2.2    0.0 
      0 1995   27  13123   -4.8    6.7  0.295    1.8    0.0 
      0 1995   28  13785   -5.5    7.0  0.324    1.1    0.0 
      0 1995   29  11489   -4.7    7.1  0.310    1.4    0.0 
      0 1995   30  13922   -5.5    6.9  0.321    1.8    0.0 
      0 1995   31  13862   -3.5    4.9  0.262    3.1    0.0 
      0 1995   32  11431   -5.2    2.8  0.244    1.4    0.0 
      0 1995   33  14317   -5.9    6.3  0.318    2.1    0.0 
      0 1995   34   9736   -3.5    4.9  0.372    1.9    0.6 
      0 1995   35  15127   -6.4    6.0  0.267    1.6    0.6 
      0 1995   36  15337   -6.9    8.9  0.225    1.9    0.0 
      0 1995   37  15347   -5.7   10.9  0.260    1.7    0.0 
      0 1995   38  13005   -3.0   12.5  0.335    1.9    0.0 
      0 1995   39  14894   -1.3   12.8  0.417    1.8    0.0 
      0 1995   40  15064   -2.4   12.6  0.427    2.1    0.0 
      0 1995   41  14180    0.1   11.9  0.540    1.6    0.0 
      0 1995   42  10456    0.7   12.8  0.699    1.4    0.1 
      0 1995   43  11549    0.7   12.5  0.721    1.2    0.0 
      0 1995   44   9573    1.5    8.7  0.607    2.7    0.5 
      0 1995   45  15649   -1.7   13.2  0.564    1.8    0.0 
      0 1995   46  14877   -1.1   12.3  0.395    2.3    0.0 
      0 1995   47  16405   -3.4   10.9  0.399    1.7    0.0 
      0 1995   48  13141    1.2   11.9  0.507    1.4    0.0 
      0 1995   49  16040    1.2   13.3  0.655    1.4    0.0 
      0 1995   50  14819   -0.9   12.7  0.538    2.6    0.0 
      0 1995   51  12735    2.9    8.3  0.444    4.5    0.0 
      0 1995   52  13155   -0.2    7.8  0.415    2.2    0.0 
      0 1995   53  16470   -2.6   11.8  0.492    1.9    0.0 
      0 1995   54  11830    1.1   11.9  0.570    1.3    0.0 
      0 1995   55  14731   -1.0   15.5  0.510    2.4    0.0 
      0 1995   56  18339   -1.0   12.9  0.297    2.3    0.0 
      0 1995   57  18188   -2.5   16.2  0.360    3.1    0.0 
      0 1995   58  17135   -1.4   11.4  0.242    4.4    0.0 
      0 1995   59  18989   -3.6   10.6  0.239    2.0    0.0 
      0 1995   60  18182   -0.3   13.3  0.428    1.4    0.0 
      0 1995   61  13242    1.5   13.7  0.525    2.2    0.0 
      0 1995   62  17685    0.1   11.9  0.351    3.2    0.0 
      0 1995   63  19493   -3.9   12.7  0.322    1.7    0.0 
      0 1995   64  19687   -1.8   17.4  0.343    3.1    0.0 
      0 1995   65  19773   -0.5   20.3  0.354    2.7    0.0 
      0 1995   66  19222    1.9   21.1  0.521    1.1    0.0 
      0 1995   67   6478    6.4   16.2  0.849    1.2    4.0 
      0 1995   68  19898    4.7   14.2  0.555    2.3    0.8 
      0 1995   69  20706   -1.5   17.6  0.418    2.6    0.0 
      0 1995   70  21065    4.0   14.4  0.280    3.6    0.0 
      0 1995   71  21117   -3.3   14.6  0.301    1.6    0.0 
      0 1995   72  15994    2.9   16.9  0.459    1.6    0.0 
      0 1995   73  17419    3.8   18.2  0.578    1.5    0.0 
      0 1995   74   9528    7.4   15.7  0.792    1.6    0.0 
      0 1995   75   5064    4.2    9.5  0.639    1.7    4.1 
      0 1995   76  22331   -3.8   12.0  0.240    2.7    0.0 
      0 1995   77  22145   -2.6   16.4  0.318    2.7    0.0 
      0 1995   78  22109    0.0   18.5  0.443    1.7    0.0 
      0 1995   79  21748    4.3   25.0  0.600    3.1    0.0 
      0 1995   80  22392    4.2   22.0  0.639    2.4    0.0 
      0 1995   81  21145    5.4   23.6  0.750    3.1    0.0 
      0 1995   82  15553    5.4   13.2  0.505    6.4    0.3 
      0 1995   83   6833    2.6    7.4  0.626    2.3    5.3 
      0 1995   84  16742    3.7   13.2  0.638    1.8    1.1 
      0 1995   85  22292    1.0   19.7  0.486    3.1    0.0 
      0 1995   86  22347    2.7   16.8  0.558    5.3    0.0 
      0 1995   87   9437    5.3   12.0  0.734    3.2    6.2 
      0 1995   88  18121    1.8   15.1  0.858    1.9    0.0 
      0 1995   89  18807    6.5   18.6  1.037    1.4    1.3 
      0 1995   90  22055    6.4   14.5  0.604    3.6    0.1 
      0 1995   91  18998    2.6   19.1  0.665    2.8    0.0 
      0 1995   92  20697    3.5   11.5  0.372    5.0    0.0 
      0 1995   93  24323   -0.6   15.2  0.483    2.6    0.0 
      0 1995   94  21349    4.0   20.4  0.729    2.7    0.0 
      0 1995   95  21638    6.9   23.7  1.027    1.9    0.0 
      0 1995   96  24674    9.3   21.9  0.580    2.3    0.0 
      0 1995   97  24816    5.9   23.9  0.469    3.7    0.0 
      0 1995   98  23359    8.2   22.5  0.571    3.2    0.0 
      0 1995   99  23697    9.4   18.6  0.556    3.1    0.0 
      0 1995  100  22278    6.9   22.5  0.872    2.5    0.8 
      0 1995  101  25176    5.2   21.0  0.610    2.8    0.0 
      0 1995  102  24589    4.0   24.2  0.725    2.6    0.0 
      0 1995  103  12917   12.3   22.3  1.271    0.9    0.0 
      0 1995  104  20883   10.5   24.0  1.346    2.3    0.0 
      0 1995  105  17164   11.6   23.1  1.409    2.0    0.1 
      0 1995  106  18549   12.6   23.8  1.049    1.9    0.0 
      0 1995  107  21940    8.5   23.7  1.019    1.9    0.0 
      0 1995  108  25173   11.6   21.0  0.710    3.1    0.0 
      0 1995  109  25608    6.5   21.1  0.613    2.7    0.0 
      0 1995  110  20443    8.8   23.7  1.181    2.2    2.4 
      0 1995  111  17199   14.0   23.8  1.609    1.6    0.4 
      0 1995  112  10866    9.7   17.2  1.140    3.2    1.2 
      0 1995  113  22149    5.5   22.1  0.736    3.8    0.0 
      0 1995  114  26122    7.6   24.8  0.810    3.4    0.0 
      0 1995  115  26457   11.1   20.8  0.642    2.5    0.0 
      0 1995  116  15390    8.4   18.8  0.753    1.3    0.0 
      0 1995  117  24129    8.7   26.0  1.192    3.3    0.0 
      0 1995  118  24156   10.4   27.8  1.289    2.5    0.0 
      0 1995  119  26261   11.8   27.6  1.144    2.4    0.0 
      0 1995  120  24063   16.9   29.3  1.507    3.0    0.0 
      0 1995  121  23751   14.2   24.2  1.081    5.0    0.0 
      0 1995  122  24764   10.2   27.3  1.105    2.9    2.1 
      0 1995  123  19154   11.0   19.2  0.752    2.5    0.8 
      0 1995  124  27873    8.5   23.8  0.696    2.5    0.0 
      0 1995  125  27780   10.3   29.7  0.786    3.9    0.0 
      0 1995  126  26197   12.2   28.2  1.022    2.8    0.0 
      0 1995  127  27025   11.1   30.1  1.365    2.0    0.0 
      0 1995  128  25198   16.7   35.1  1.495    3.6    0.0 
      0 1995  129  11331   13.1   24.7  1.224    3.7    0.5 
      0 1995  130  27350    9.4   23.6  0.817    2.1    0.0 
      0 1995  131  25480   13.1   26.2  1.143    3.1    0.2 
      0 1995  132  11468   14.3   22.2  1.555    1.8    5.3 
      0 1995  133  22219   12.9   28.3  1.372    3.1    0.0 
      0 1995  134  21667   13.0   23.1  1.346    1.9    0.0 
      0 1995  135  26545   12.0   29.1  1.318    2.5    0.0 
      0 1995  136  20354   17.3   31.3  1.388    2.6    0.0 
      0 1995  137  26085   18.6   32.0  1.479    3.2    0.0 
      0 1995  138  15921   18.8   29.2  1.872    3.1    1.6 
      0 1995  139  11024   18.9   27.5  1.936    2.2    2.8 
      0 1995  140  12344   18.0   24.9  1.357    2.8    0.0 
      0 1995  141  25891   15.3   28.1  1.209    4.7    0.0 
      0 1995  142  28294   12.6   31.5  1.228    3.0    0.0 
      0 1995  143  27775   17.4   30.6  1.445    2.6    0.1 
      0 1995  144  24207   19.6   32.4  1.830    2.3    0.1 
      0 1995  145  22237   20.5   33.7  1.884    1.5    0.0 
      0 1995  146  24387   21.3   29.9  1.229    4.0    0.1 
      0 1995  147   9979   19.6   29.6  1.776    1.3    1.5 
      0 1995  148  26342   16.7   31.9  1.946    2.1    0.0 
      0 1995  149  27223   19.7   32.5  1.803    2.0    0.0 
      0 1995  150  25215   21.8   33.1  2.147    2.1    0.5 
      0 1995  151  27060   22.7   32.4  2.035    3.2    0.0 
      0 1995  152  17496   22.6   31.2  2.313    2.4    0.5 
      0 1995  153  20121   23.6   32.4  2.694    1.3    0.9 
      0 1995  154  24991   22.2   33.3  1.940    3.1    0.1 
      0 1995  155  27967   18.9   31.7  1.579    2.0    0.0 
      0 1995  156  25396   20.1   34.0  1.390    2.3    0.0 
      0 1995  157  24666   21.7   34.6  1.507    2.5    0.0 
      0 1995  158  23461   19.9   32.2  1.899    1.9    3.9 
      0 1995  159  22240   19.5   29.8  2.129    1.9    4.2 
      0 1995  160  17291   20.1   29.7  1.976    2.3   61.6 
      0 1995  161  10310   18.8   23.4  2.051    2.5   27.1 
      0 1995  162  21544   17.2   26.3  2.013    1.5    2.6 
      0 1995  163  27359   16.0   28.7  1.897    1.1    0.0 
      0 1995  164  25788   17.5   29.7  2.027    1.3    0.0 
      0 1995  165  15310   20.5   28.6  2.152    1.2    0.0 
      0 1995  166  27398   17.4   30.7  2.026    1.5    0.0 
      0 1995  167  17883   20.2   30.4  2.259    1.4    0.1 
      0 1995  168  24090   20.5   30.3  2.022    2.3    2.2 
      0 1995  169  29072   17.5   33.2  1.733    2.8    0.0 
      0 1995  170  27597   19.4   34.0  2.144    1.6    0.0 
      0 1995  171  14826   22.0   29.5  2.344    1.0    0.1 
      0 1995  172  26464   19.4   32.1  2.229    1.3    0.0 
      0 1995  173  26651   21.8   33.0  2.346    2.0    0.0 
      0 1995  174  26676   22.8   33.6  2.498    2.7    0.0 
      0 1995  175  26842   22.4   35.1  2.504    3.6    0.0 
      0 1995  176  25303   21.1   33.2  2.165    2.2    0.0 
      0 1995  177  25025   22.1   34.2  2.154    2.0    0.1 
      0 1995  178  26366   21.7   31.9  2.001    2.8    0.0 
      0 1995  179  25385   21.0   34.8  2.283    2.2    0.0 
      0 1995  180   8955   21.8   28.3  2.561    1.8   14.2 
      0 1995  181  26224   18.5   30.8  2.195    1.5    0.0 
      0 1995  182  22090   21.7   29.8  2.190    1.7    2.1 
      0 1995  183  26372   19.3   32.0  2.189    1.4    0.0 
      0 1995  184  25796   21.9   33.4  2.274    1.7    0.2 
      0 1995  185  27403   22.2   36.0  2.277    2.3    0.0 
      0 1995  186  27384   22.9   36.1  2.151    2.9    0.0 
      0 1995  187  25866   22.1   33.8  2.284    2.2    0.0 
      0 1995  188  18806   22.6   30.5  2.354    2.2    0.9 
      0 1995  189  21848   21.3   31.3  2.389    1.2    0.3 
      0 1995  190  27324   21.8   34.1  2.452    2.1    0.0 
      0 1995  191  16194   22.3   31.5  2.894    1.8    5.9 
      0 1995  192  19333   23.9   31.8  3.007    1.4    5.2 
      0 1995  193  23641   24.1   34.1  3.159    2.0    1.2 
      0 1995  194  11160   24.9   32.0  3.319    2.4   17.6 
      0 1995  195  20632   25.1   35.3  3.308    2.1    3.6 
      0 1995  196  17748   27.0   33.4  3.413    1.3   14.5 
      0 1995  197  21107   26.2   32.7  3.167    1.4    0.7 
      0 1995  198   8632   25.2   30.0  3.125    2.5   40.9 
      0 1995  199   8329   21.5   26.6  2.486    3.6   12.9 
      0 1995  200  13615   19.0   26.5  2.160    1.5    1.3 
      0 1995  201  18622   21.7   29.4  2.659    1.5    0.8 
      0 1995  202  18277   23.1   29.7  2.852    1.3    0.1 
      0 1995  203  16785   23.2   31.2  3.113    1.2    0.6 
      0 1995  204  12698   24.4   30.4  3.101    2.1   16.3 
      0 1995  205   3599   21.1   24.4  2.295    3.0   33.9 
      0 1995  206  14765   20.7   28.0  2.341    1.6   70.1 
      0 1995  207  23383   18.8   29.4  2.456    1.5    0.0 
      0 1995  208  13692   23.8   31.1  2.991    1.9    1.8 
      0 1995  209  20644   24.2   32.7  3.321    1.7    1.6 
      0 1995  210  19846   26.2   33.1  3.365    2.5    0.0 
      0 1995  211  13174   26.2   32.1  3.208    2.6    3.3 
      0 1995  212  18185   24.2   31.7  2.963    2.0    2.5 
      0 1995  213  20876   25.3   32.2  3.204    3.0    2.1 
      0 1995  214  20448   25.3   32.1  3.113    1.8    0.6 
      0 1995  215  12880   25.1   29.9  3.195    2.7    8.4 
      0 1995  216   7799   23.4   27.7  2.713    4.0    7.3 
      0 1995  217   7825   24.7   27.9  2.942    1.9    9.8 
      0 1995  218  11465   23.1   30.6  2.917    2.2   18.5 
      0 1995  219  20380   22.2   29.7  2.697    1.1    3.8 
      0 1995  220  21561   21.8   30.6  2.814    1.3    0.1 
      0 1995  221  24042   21.3   31.5  2.861    1.6    0.0 
      0 1995  222  18108   23.5   31.0  3.214    1.6    1.2 
      0 1995  223  18494   24.3   32.0  3.159    1.7    1.7 
      0 1995  224  12061   24.0   29.1  3.097    1.4    3.6 
      0 1995  225   7478   22.8   25.5  2.671    1.1    6.2 
      0 1995  226   8440   21.7   26.0  2.436    2.9   12.4 
      0 1995  227   7032   22.4   24.7  2.445    5.8    7.3 
      0 1995  228   9215   23.0   28.1  2.799    2.0    1.3 
      0 1995  229  10410   22.8   28.4  2.951    1.2    1.3 
      0 1995  230  24161   21.1   31.3  2.518    2.2    0.0 
      0 1995  231  23323   18.6   30.2  2.241    1.4    0.0 
      0 1995  232  21574   20.0   31.2  2.431    1.0    0.9 
      0 1995  233   8678   21.6   28.1  2.562    2.1   13.6 
      0 1995  234  16459   20.8   27.9  2.381    1.9    7.3 
      0 1995  235  21743   19.4   28.9  2.495    1.1    0.0 
      0 1995  236  18015   21.1   30.2  2.623    0.8    0.0 
      0 1995  237  20536   21.4   30.6  2.697    1.8    0.3 
      0 1995  238  20199   21.3   29.6  2.573    1.6    1.2 
      0 1995  239  19006   21.4   29.8  2.718    1.6    2.0 
      0 1995  240  14998   22.8   30.1  2.751    1.9    0.3 
      0 1995  241   3238   22.9   25.1  2.659    2.3   44.7 
      0 1995  242   8379   21.3   25.4  2.468    2.1    5.7 
      0 1995  243   8886   21.9   26.9  2.667    3.3   12.2 
      0 1995  244   9463   22.8   29.1  2.970    2.1    2.2 
      0 1995  245  17758   24.3   33.3  3.282    2.0    0.2 
      0 1995  246   7909   22.0   26.8  2.507    5.2    0.8 
      0 1995  247   8362   20.4   23.4  2.031    4.2    4.1 
      0 1995  248   7192   19.8   23.7  2.182    1.3    1.9 
      0 1995  249   6739   20.4   25.0  2.422    4.1    4.2 
      0 1995  250   5324   18.0   20.3  1.693    5.6    2.1 
      0 1995  251   2847   16.6   18.3  1.623    2.6    6.7 
      0 1995  252   5309   15.1   20.8  1.985    1.4    0.8 
      0 1995  253   7886   16.7   20.9  1.752    2.5    0.0 
      0 1995  254  10924   15.0   23.5  1.740    2.2    0.0 
      0 1995  255  12467   14.0   20.8  1.527    2.6    0.0 
      0 1995  256  20541   13.9   27.5  1.931    1.8    0.0 
      0 1995  257  17124   18.2   25.9  2.063    2.1    0.4 
      0 1995  258  19572   16.0   27.3  1.945    1.5    0.0 
      0 1995  259  17737   17.4   27.0  1.883    2.5    0.1 
      0 1995  260  19654   16.0   27.5  1.667    1.4    0.0 
      0 1995  261  18904   18.1   27.5  1.686    1.4    0.0 
      0 1995  262   9246   18.6   23.5  1.848    1.1    0.7 
      0 1995  263  12795   16.7   24.5  1.899    1.0    2.1 
      0 1995  264  19341   15.2   26.9  1.825    2.0    0.0 
      0 1995  265  20310   17.6   27.9  1.846    2.1    0.0 
      0 1995  266  18233   17.0   29.3  1.828    1.6    5.9 
      0 1995  267  19587   11.3   21.3  1.070    1.7    0.4 
      0 1995  268  21482    8.6   24.3  0.920    2.4    0.0 
      0 1995  269  18502    9.0   21.1  0.961    1.9    0.0 
      0 1995  270  19920    8.5   21.7  0.961    1.4    0.0 
      0 1995  271  18320   13.9   26.1  1.318    1.5    0.0 
      0 1995  272  18069   14.7   27.4  1.762    1.8    0.2 
      0 1995  273  14428   17.8   27.2  2.055    2.5    2.1 
      0 1995  274   9603   18.2   25.6  2.064    1.6   12.7 
      0 1995  275   4407   14.8   21.1  1.746    2.2   16.6 
      0 1995  276  15836   10.3   21.3  1.389    1.9    0.0 
      0 1995  277  17577    9.8   23.4  1.203    2.7    0.0 
      0 1995  278  16536   11.3   20.9  0.904    3.5    0.0 
      0 1995  279  10735   11.1   17.6  0.833    2.0    0.0 
      0 1995  280  13629    9.6   21.4  1.209    2.4    0.0 
      0 1995  281  17664   10.1   24.6  1.419    1.5    0.0 
      0 1995  282  18208   12.0   23.9  1.434    1.2    0.0 
      0 1995  283  17340   12.3   23.5  1.446    1.5    0.0 
      0 1995  284  17019   13.2   24.7  1.550    1.5    0.0 
      0 1995  285   4036   15.3   20.5  1.747    1.3   14.2 
      0 1995  286   3922   16.5   20.5  1.868    1.5   23.2 
      0 1995  287  17343   11.7   27.0  1.641    2.6    0.0 
      0 1995  288  15063   15.0   22.4  1.330    2.9    0.0 
      0 1995  289  11135   14.9   22.4  1.600    1.5    0.0 
      0 1995  290  10717   14.2   22.7  1.760    1.7    6.0 
      0 1995  291   6393   15.6   19.7  1.448    4.8   12.6 
      0 1995  292   7133   13.0   16.3  1.138    4.3    1.4 
      0 1995  293   2794   12.2   15.6  1.249    2.4    1.1 
      0 1995  294  13481   10.8   19.7  1.351    1.5    0.0 
      0 1995  295   8164   11.1   20.6  1.481    1.3    2.3 
      0 1995  296   5113   11.6   18.2  1.555    1.3    3.1 
      0 1995  297  16143    6.3   19.3  0.992    1.3    0.0 
      0 1995  298  15613    7.4   20.8  1.014    1.8    0.0 
      0 1995  299  14515    8.4   20.9  1.149    1.0    0.0 
      0 1995  300  12256   11.4   21.3  1.282    1.2    0.0 
      0 1995  301  13867   10.5   21.6  1.289    1.6    0.0 
      0 1995  302  15083    9.6   21.3  1.148    2.0    0.0 
      0 1995  303  12491    7.5   20.5  0.656    3.4    0.0 
      0 1995  304  15258    5.1   16.9  0.469    3.2    0.0 
      0 1995  305  15028    0.8   11.2  0.377    2.4    0.0 
      0 1995  306  14515    3.6   17.3  0.659    1.9    0.0 
      0 1995  307  12841    3.8   19.5  0.778    1.8    0.0 
      0 1995  308  14339    4.2   21.7  0.855    1.9    0.0 
      0 1995  309  13733    4.9   21.9  0.854    1.4    0.0 
      0 1995  310  13862    6.7   22.6  0.953    2.5    0.0 
      0 1995  311  14641    5.3   16.1  0.259    3.8    0.0 
      0 1995  312  14097   -0.1   14.9  0.422    1.6    0.0 
      0 1995  313  13813    2.3   20.9  0.479    3.3    0.0 
      0 1995  314  13590    1.5   17.1  0.536    2.0    0.0 
      0 1995  315  13135    3.3   19.5  0.636    2.4    0.0 
      0 1995  316  13259    3.0   21.2  0.675    2.5    0.0 
      0 1995  317  12220    6.7   21.3  0.698    2.0    0.0 
      0 1995  318  13013    4.5   17.8  0.629    1.3    0.0 
      0 1995  319  12305    5.6   17.6  0.676    1.8    0.0 
      0 1995  320  12294    4.6   18.2  0.754    1.7    0.0 
      0 1995  321  12111    6.4   17.0  0.731    3.0    0.0 
      0 1995  322   6535    6.7   16.6  0.934    1.6    0.6 
      0 1995  323  11923    2.1   12.1  0.602    1.8    0.0 
      0 1995  324  12094    0.5   11.2  0.458    1.6    0.0 
      0 1995  325  12419   -1.2   13.6  0.431    2.8    0.0 
      0 1995  326  10823    2.1   14.6  0.397    2.7    0.0 
      0 1995  327  12419   -1.9    7.8  0.289    3.9    0.4 
      0 1995  328  12031   -0.5   14.5  0.324    3.0    0.0 
      0 1995  329  11929   -1.5   16.9  0.388    2.8    0.0 
      0 1995  330  11552    1.1   12.9  0.397    2.5    0.0 
      0 1995  331  11551   -0.4   11.5  0.475    1.1    0.0 
      0 1995  332   9721   -0.4   12.1  0.612    1.1    0.0 
      0 1995  333   9013    1.5   12.1  0.720    1.0    0.0 
      0 1995  334   8126    4.1   12.9  0.779    1.0    0.1 
      0 1995  335   4503    4.9   11.0  0.856    1.3    0.5 
      0 1995  336   4617    4.7   10.0  0.800    1.1    1.8 
      0 1995  337   6869    1.5    7.8  0.489    2.0    0.1 
      0 1995  338  11235   -4.4   10.3  0.352    1.7    0.0 
      0 1995  339  11210   -3.8    7.7  0.350    1.8    0.0 
      0 1995  340  11061   -3.1    6.6  0.345    1.6    0.0 
      0 1995  341  11138   -4.2    7.9  0.343    1.5    0.0 
      0 1995  342   9814   -4.5    6.3  0.363    1.3    0.0 
      0 1995  343   8428   -3.1    7.0  0.389    1.2    0.0 
      0 1995  344   7172   -1.9    8.4  0.468    1.4    0.0 
      0 1995  345   9980   -1.2   11.5  0.469    2.5    0.0 
      0 1995  346  10056   -2.1    8.1  0.384    2.6    0.0 
      0 1995  347   9917    1.0    9.7  0.566    2.0    0.1 
      0 1995  348  10197    0.1   11.5  0.597    1.3    0.0 
      0 1995  349   5817    2.1    6.2  0.430    2.2    0.3 
      0 1995  350   7068   -0.5    7.1  0.518    1.4    0.6 
      0 1995  351   9984   -2.4    7.1  0.423    1.9    0.0 
      0 1995  352  10991   -6.2    7.4  0.273    1.6    0.0 
      0 1995  353  10788   -4.9    9.8  0.332    1.8    0.0 
      0 1995  354  10619   -4.3    8.5  0.381    1.1    0.0 
      0 1995  355  10169   -2.3    9.9  0.392    1.6    0.0 
      0 1995  356  10686   -2.2    9.4  0.349    2.6    0.0 
      0 1995  357  10715   -3.0   12.1  0.404    1.8    0.0 
      0 1995  358  10713   -5.0    2.7  0.225    2.4    0.0 
      0 1995  359   6844   -4.0    1.3  0.169    1.6    0.0 
      0 1995  360  10751   -5.0    5.1  0.248    2.4    0.0 
      0 1995  361  10177   -2.6   10.8  0.327    1.9    0.0 
      0 1995  362  11312   -5.8    8.5  0.213    2.1    0.0 
      0 1995  363  11192   -6.1    9.5  0.260    1.4    0.0 
      0 1995  364  11107   -3.8   13.4  0.273    3.4    0.0 
      0 1995  365  11089   -3.8    8.4  0.288    1.9    0.0 
