*---------------------------------------------------------------------------*
*Station name: 35.135916 113.763737
* Column  Daily value
* 1       station number
* 2       year
* 3       day
* 4       irradiation                   (kJ m-2 d-1)
* 5       minimum temperature           (degrees Celsius)
* 6       maximum temperature           (degrees Celsius)
* 7       early morning vapour pressure (kPa)
* 8       mean wind speed (height: 2 m) (m s-1)
* 9       precipitation                 (mm d-1)
*
* era5
* Created by era2cabo, by Alex 
* File created: 2019-05-09 02:21:10.176404
** WCCFORMAT=2
*---------------------------------------------------------------------------*
113.763737  35.135916  50.000000  -0.180000  -0.550000 
      0 2014    1  11217   -0.7   15.9  0.296    2.6   -0.0 
      0 2014    2   7943   -1.4   12.1  0.349    1.7   -0.0 
      0 2014    3  11258   -2.6   12.0  0.306    2.0   -0.0 
      0 2014    4  11184   -2.3   11.8  0.324    2.2   -0.0 
      0 2014    5  11032   -4.2   10.5  0.325    2.8   -0.0 
      0 2014    6   6089    0.2    7.6  0.418    2.9    0.0 
      0 2014    7   7172    2.0    8.8  0.529    1.9    0.2 
      0 2014    8   8285   -2.4    7.0  0.436    1.5    0.0 
      0 2014    9  11860   -5.0    5.5  0.320    1.5   -0.0 
      0 2014   10   9623   -2.2    7.1  0.366    1.1   -0.0 
      0 2014   11  11489   -1.5    9.6  0.444    2.3   -0.0 
      0 2014   12  12235   -4.3    6.5  0.237    2.6   -0.0 
      0 2014   13  12430   -4.6    6.9  0.244    1.8   -0.0 
      0 2014   14  12015   -3.8    6.8  0.350    1.6   -0.0 
      0 2014   15  11588   -3.5    7.5  0.420    1.8   -0.0 
      0 2014   16  12440   -3.2   11.4  0.449    2.2   -0.0 
      0 2014   17  12631   -3.8    8.3  0.421    1.7   -0.0 
      0 2014   18  12995   -4.4    9.0  0.357    2.3   -0.0 
      0 2014   19   8565   -1.2   13.6  0.295    3.1   -0.0 
      0 2014   20  13248   -2.3   10.1  0.180    2.1   -0.0 
      0 2014   21  13269   -4.0    6.7  0.186    2.2   -0.0 
      0 2014   22  13302   -4.2   11.1  0.243    2.5   -0.0 
      0 2014   23  12950   -0.1   12.6  0.347    1.8   -0.0 
      0 2014   24   9097    1.0   11.7  0.378    2.2   -0.0 
      0 2014   25  13332   -2.3   11.9  0.256    2.5   -0.0 
      0 2014   26  13216   -1.7    9.2  0.329    2.2   -0.0 
      0 2014   27  12451   -1.3   16.2  0.428    3.2   -0.0 
      0 2014   28  13688    1.6   11.5  0.358    3.1   -0.0 
      0 2014   29  13641   -0.1   15.2  0.446    3.0   -0.0 
      0 2014   30  13823   -0.9   15.5  0.508    2.2   -0.0 
      0 2014   31   5810    1.5   10.2  0.627    2.5    2.2 
      0 2014   32  12235    0.9   10.1  0.560    1.5    0.2 
      0 2014   33  14077    1.9   17.4  0.658    3.6   -0.0 
      0 2014   34  12418   -1.7    6.2  0.372    4.6   -0.0 
      0 2014   35   8730   -4.2    4.3  0.328    3.0    2.1 
      0 2014   36   3253   -2.3   -0.3  0.445    4.0    5.9 
      0 2014   37   3937   -2.2    0.3  0.445    4.5    4.7 
      0 2014   38  11405   -3.5    0.9  0.465    1.3    0.6 
      0 2014   39   8371   -4.3    1.2  0.500    1.6    0.8 
      0 2014   40  10932   -8.1   -2.9  0.288    3.5    0.1 
      0 2014   41  15793   -8.3   -1.3  0.228    1.1    0.0 
      0 2014   42  15824   -9.1    0.6  0.290    1.7   -0.0 
      0 2014   43   8954   -7.3    1.1  0.344    1.9    0.1 
      0 2014   44  15716   -5.5    4.0  0.342    1.5    0.0 
      0 2014   45  15984   -7.5    5.6  0.362    3.0   -0.0 
      0 2014   46  13811   -3.6    7.9  0.464    1.8   -0.0 
      0 2014   47   5939    0.2    7.0  0.603    3.1    1.6 
      0 2014   48   7936    1.4    5.7  0.591    5.0    1.7 
      0 2014   49  13836   -1.2    7.9  0.479    2.0    0.2 
      0 2014   50  15816   -3.3    9.8  0.524    1.9    0.3 
      0 2014   51  13712   -3.5   10.4  0.562    1.9    0.0 
      0 2014   52  15468   -1.1   12.2  0.590    1.4   -0.0 
      0 2014   53  12334   -0.2   12.1  0.635    1.6   -0.0 
      0 2014   54  11608    2.5   12.4  0.712    2.2   -0.0 
      0 2014   55   8364    5.7   12.4  0.766    2.7    0.0 
      0 2014   56  14356    3.9   15.1  0.762    2.0    0.0 
      0 2014   57   7747    8.1   14.5  0.893    1.8    0.0 
      0 2014   58  10947    6.6   11.4  0.606    4.3   -0.0 
      0 2014   59   5371    2.9    7.3  0.500    2.3    1.2 
      0 2014   60  16031    0.6   12.4  0.698    1.4    0.4 
      0 2014   61  17152    0.7   14.4  0.674    2.5   -0.0 
      0 2014   62  16500    0.7   13.4  0.640    1.5   -0.0 
      0 2014   63  17551    2.1   12.7  0.558    3.2   -0.0 
      0 2014   64   9285    0.7    9.6  0.498    1.8    0.2 
      0 2014   65   9054    3.6    9.7  0.611    1.9    0.5 
      0 2014   66  10916    1.1   10.2  0.580    1.3    0.1 
      0 2014   67  15255    1.8   15.5  0.650    2.1    0.0 
      0 2014   68  20162   -0.5   18.1  0.522    1.9   -0.0 
      0 2014   69  19673    3.1   18.3  0.606    2.2   -0.0 
      0 2014   70  19189    3.1   18.4  0.732    1.8   -0.0 
      0 2014   71   7189    2.3   11.1  0.618    5.1    0.7 
      0 2014   72  20488    1.3   16.5  0.462    2.3   -0.0 
      0 2014   73  21273    0.6   18.6  0.350    2.4   -0.0 
      0 2014   74  21239    4.5   25.0  0.515    3.5   -0.0 
      0 2014   75  21088    6.9   26.2  0.711    2.5   -0.0 
      0 2014   76  20727    7.8   27.3  0.838    2.4   -0.0 
      0 2014   77  12002    9.2   18.4  0.545    5.2    2.8 
      0 2014   78  11577    9.5   15.9  0.655    2.6    0.2 
      0 2014   79  22319    4.5   17.5  0.454    1.8   -0.0 
      0 2014   80  22168    5.2   21.1  0.476    2.5   -0.0 
      0 2014   81  22282    5.1   23.4  0.515    2.3   -0.0 
      0 2014   82  20478    5.5   21.9  0.668    1.9    0.0 
      0 2014   83  21425    9.0   23.4  0.778    1.9   -0.0 
      0 2014   84  19025   11.9   25.8  0.952    1.1   -0.0 
      0 2014   85  21353   11.3   27.4  1.295    1.6    0.0 
      0 2014   86  21218   12.0   28.7  1.299    2.4   -0.0 
      0 2014   87  20309   14.1   27.2  1.304    1.6    0.1 
      0 2014   88  21658   11.7   25.9  1.140    2.1   -0.0 
      0 2014   89  10624   13.0   21.5  1.092    1.9    0.5 
      0 2014   90  19782   11.2   23.3  0.981    1.5    0.0 
      0 2014   91  21341   11.7   23.8  0.872    1.6    0.0 
      0 2014   92  20936   11.6   24.5  0.845    1.6   -0.0 
      0 2014   93  17025   10.3   19.9  0.865    3.9    0.7 
      0 2014   94  23661    8.2   25.9  0.889    3.6   -0.0 
      0 2014   95  24380   10.5   19.0  0.470    4.5   -0.0 
      0 2014   96  17412    8.9   19.2  0.611    1.8   -0.0 
      0 2014   97  23999    7.5   24.4  0.766    2.5   -0.0 
      0 2014   98  23994    9.2   26.0  1.035    1.4   -0.0 
      0 2014   99  23879   13.0   29.1  1.225    2.1   -0.0 
      0 2014  100  13467   15.0   21.5  1.062    5.0    1.2 
      0 2014  101   6641   11.4   17.1  0.879    3.8    8.1 
      0 2014  102  12675   10.4   18.9  1.253    1.0    0.0 
      0 2014  103  20506   10.1   23.3  1.379    2.2   -0.0 
      0 2014  104  23609   11.7   23.9  1.383    2.0   -0.0 
      0 2014  105  11175   14.2   20.8  1.335    3.3    1.0 
      0 2014  106  17758   13.3   21.7  1.309    2.2    1.5 
      0 2014  107  16821   12.0   22.3  1.467    2.0    0.0 
      0 2014  108   9086   12.7   19.7  1.480    3.8   19.5 
      0 2014  109  13457   13.0   18.7  1.532    2.2    1.8 
      0 2014  110  16634   11.2   21.5  1.448    2.0    0.1 
      0 2014  111   9743   13.5   20.3  1.440    1.4    0.2 
      0 2014  112  23134   11.7   23.3  1.389    2.6    0.0 
      0 2014  113  18725   11.0   23.0  1.465    1.8   -0.0 
      0 2014  114  19988   11.5   23.7  1.514    1.9    0.0 
      0 2014  115   7574   12.8   19.6  1.631    1.7    8.0 
      0 2014  116   7263   11.5   17.6  1.229    2.1    0.2 
      0 2014  117  25534    9.6   24.2  1.047    1.7   -0.0 
      0 2014  118  24387    9.5   23.2  1.118    1.6    0.0 
      0 2014  119  24455    9.5   24.7  1.329    1.3    0.0 
      0 2014  120  24528   12.9   27.9  1.530    1.1   -0.0 
      0 2014  121  23321   13.2   30.2  1.389    2.8    0.0 
      0 2014  122  25076   13.6   24.1  0.810    2.6   -0.0 
      0 2014  123  23220   11.7   24.8  0.907    2.8   -0.0 
      0 2014  124  26149   11.6   21.6  0.660    3.2   -0.0 
      0 2014  125  27206    7.0   24.0  0.783    2.5   -0.0 
      0 2014  126  25407   13.1   28.1  1.149    2.8   -0.0 
      0 2014  127  26543   15.1   31.9  1.183    3.0    0.1 
      0 2014  128  24279   17.7   29.5  1.323    3.9    0.0 
      0 2014  129  23079   17.3   28.5  1.574    3.0    0.0 
      0 2014  130   5981   14.4   22.8  1.230    4.0   16.6 
      0 2014  131  25412   11.4   26.4  1.264    2.8    0.3 
      0 2014  132  27724   12.6   30.1  1.122    3.3   -0.0 
      0 2014  133  15946   15.7   27.8  1.553    1.9    0.0 
      0 2014  134  16835   13.3   25.2  1.132    3.2   -0.0 
      0 2014  135  25153   11.6   28.7  0.889    3.5   -0.0 
      0 2014  136  15980   13.1   28.1  1.279    1.9   -0.0 
      0 2014  137  25260   15.0   28.1  1.453    1.7   -0.0 
      0 2014  138  26256   14.8   29.7  1.425    1.9   -0.0 
      0 2014  139  13494   18.3   28.2  1.650    2.4    0.1 
      0 2014  140  27668   15.0   35.6  1.225    2.7   -0.0 
      0 2014  141  28216   16.7   33.1  1.419    1.6   -0.0 
      0 2014  142  23294   18.5   31.8  1.856    2.0    0.0 
      0 2014  143  18378   20.0   30.0  1.701    2.6    3.1 
      0 2014  144  18002   21.1   30.6  2.388    1.4    7.3 
      0 2014  145  25280   18.9   32.5  1.464    2.6   -0.0 
      0 2014  146  28638   14.5   33.8  0.960    3.7   -0.0 
      0 2014  147  26686   17.8   37.4  0.981    3.8   -0.0 
      0 2014  148  27225   16.9   35.9  1.054    2.3   -0.0 
      0 2014  149  27968   20.3   39.4  1.057    3.1   -0.0 
      0 2014  150  17450   23.4   36.5  1.364    1.7   -0.0 
      0 2014  151  13707   23.4   33.7  1.674    1.8    0.0 
      0 2014  152  21760   22.9   31.9  1.629    3.3   -0.0 
      0 2014  153  24450   18.7   29.5  1.528    4.3   -0.0 
      0 2014  154  26651   20.5   30.3  1.402    2.0   -0.0 
      0 2014  155  21215   20.0   32.1  1.463    1.2   -0.0 
      0 2014  156  22856   20.3   34.2  1.611    1.5   -0.0 
      0 2014  157  20577   22.7   36.4  1.786    1.9    0.2 
      0 2014  158  27404   20.5   32.9  1.700    1.8    0.0 
      0 2014  159  24799   23.5   36.7  1.119    2.2   -0.0 
      0 2014  160  27193   22.1   36.6  1.313    2.2   -0.0 
      0 2014  161  23794   23.6   34.3  1.494    3.0   -0.0 
      0 2014  162  21070   23.4   31.0  1.960    3.7    0.7 
      0 2014  163  26455   19.7   34.2  1.446    1.3   -0.0 
      0 2014  164  13139   23.8   33.9  1.692    2.0    0.0 
      0 2014  165   9113   23.1   30.8  1.891    2.6    0.0 
      0 2014  166  13479   20.6   29.2  1.973    2.3    0.0 
      0 2014  167  11901   20.4   28.8  2.207    1.5    0.0 
      0 2014  168  24617   19.8   34.1  2.322    2.0    1.2 
      0 2014  169  23914   22.5   35.4  2.526    2.3    4.0 
      0 2014  170  11564   21.9   30.4  2.495    2.9   17.6 
      0 2014  171  21486   19.7   28.4  1.948    3.0   11.0 
      0 2014  172  22595   19.8   29.4  2.103    1.8   -0.0 
      0 2014  173  24763   20.2   31.3  2.185    1.7    0.0 
      0 2014  174  15181   21.7   28.7  2.268    3.3    0.5 
      0 2014  175  22864   22.1   32.6  2.325    1.7    0.1 
      0 2014  176   9234   20.4   26.7  2.214    1.9    3.8 
      0 2014  177  25439   18.9   30.8  2.229    2.0   -0.0 
      0 2014  178  23319   22.6   33.0  2.327    1.5   -0.0 
      0 2014  179  18270   24.5   33.1  2.277    1.4    0.0 
      0 2014  180   7305   22.1   26.6  2.357    1.5   14.9 
      0 2014  181  22053   20.4   32.3  2.529    1.5    0.0 
      0 2014  182  19544   23.0   32.6  2.384    1.8    0.1 
      0 2014  183  23042   20.9   32.2  2.484    1.5    0.1 
      0 2014  184  20678   23.2   33.3  2.683    1.5    2.4 
      0 2014  185  18341   23.3   31.0  2.646    2.1   17.7 
      0 2014  186  19494   22.5   29.7  2.626    2.2    1.4 
      0 2014  187  26142   21.3   32.6  2.498    1.2   -0.0 
      0 2014  188  26249   22.3   33.6  2.521    1.5    0.0 
      0 2014  189  24459   25.0   34.2  2.515    1.8   -0.0 
      0 2014  190  22202   25.7   32.1  2.450    4.2    0.6 
      0 2014  191   3831   21.6   26.3  2.187    1.5    5.5 
      0 2014  192  24811   20.2   34.9  2.485    1.3   -0.0 
      0 2014  193  14821   23.3   31.3  2.516    1.7    4.0 
      0 2014  194  24875   21.1   33.9  2.386    1.1    0.0 
      0 2014  195  25032   20.9   35.1  2.202    1.6    1.5 
      0 2014  196  25555   21.8   33.7  2.354    1.0   -0.0 
      0 2014  197  26029   23.6   34.6  2.651    1.6   -0.0 
      0 2014  198  26943   23.4   35.7  2.560    2.0   -0.0 
      0 2014  199  19457   24.0   33.0  2.775    1.9    3.2 
      0 2014  200  18493   24.9   34.6  2.714    2.6    1.2 
      0 2014  201  21674   25.6   36.7  2.769    2.4    0.4 
      0 2014  202  23926   27.5   40.1  2.995    2.6    0.2 
      0 2014  203  18024   26.1   37.4  2.781    5.0    1.6 
      0 2014  204  12484   24.2   30.6  2.337    1.7    2.2 
      0 2014  205  20378   24.5   34.2  2.221    3.0    0.0 
      0 2014  206  22548   21.9   32.1  1.933    3.6    0.0 
      0 2014  207  26647   20.6   34.9  1.987    1.6   -0.0 
      0 2014  208  26681   20.9   34.8  1.950    1.5   -0.0 
      0 2014  209  25724   22.2   35.8  2.122    1.7   -0.0 
      0 2014  210  18329   25.2   33.5  2.633    1.6    9.9 
      0 2014  211  15664   24.1   32.4  2.843    2.1    0.4 
      0 2014  212  20911   23.3   32.9  2.652    2.3    0.1 
      0 2014  213  22025   23.2   33.0  2.667    2.4    0.4 
      0 2014  214  20453   24.7   34.0  2.865    1.1    0.2 
      0 2014  215  22901   25.5   36.5  2.874    1.4    0.0 
      0 2014  216  22813   26.2   38.0  2.899    1.7    0.0 
      0 2014  217  13617   24.1   30.7  2.354    4.6    2.4 
      0 2014  218   9626   19.7   28.1  1.842    4.1   13.5 
      0 2014  219   5735   18.5   23.5  2.077    2.2   27.3 
      0 2014  220   4716   19.7   24.2  2.008    2.0    2.0 
      0 2014  221  13158   17.8   23.7  1.935    1.8    6.0 
      0 2014  222  20990   17.2   29.1  2.382    1.4   -0.0 
      0 2014  223  19297   21.8   31.5  2.617    1.3    0.0 
      0 2014  224  16958   21.0   30.9  2.439    1.5    0.0 
      0 2014  225  20805   21.8   30.4  2.318    1.2    0.0 
      0 2014  226  19513   20.5   28.7  2.300    1.3    0.2 
      0 2014  227  22777   19.0   32.3  2.306    1.6   -0.0 
      0 2014  228  15344   21.7   31.2  2.526    1.0    2.7 
      0 2014  229  16031   21.9   29.6  2.367    1.9    1.8 
      0 2014  230  17775   20.4   28.1  2.313    1.0    2.1 
      0 2014  231  23552   19.3   30.5  2.228    1.0    0.0 
      0 2014  232  23778   20.2   31.2  2.267    1.5   -0.0 
      0 2014  233  21813   21.8   32.6  2.350    1.8   -0.0 
      0 2014  234  19432   21.8   32.8  2.369    1.4   -0.0 
      0 2014  235   9332   23.3   29.5  2.378    2.3   -0.0 
      0 2014  236  19437   21.3   32.0  2.280    1.8    0.0 
      0 2014  237  18652   21.4   31.0  2.395    1.4    0.8 
      0 2014  238  15007   22.1   30.9  2.357    1.7    4.3 
      0 2014  239  19067   21.9   30.7  2.388    1.5    0.5 
      0 2014  240  20357   21.0   29.7  2.099    1.4    0.0 
      0 2014  241  21925   19.2   29.8  2.048    1.3   -0.0 
      0 2014  242   6865   20.6   26.6  2.141    1.1    5.0 
      0 2014  243  16472   19.9   28.3  2.170    1.5    0.2 
      0 2014  244  11105   20.3   27.5  2.289    1.2    2.9 
      0 2014  245  19928   19.9   30.0  2.206    2.1    0.4 
      0 2014  246  22089   17.2   29.0  1.817    1.0   -0.0 
      0 2014  247  23139   17.0   31.4  1.779    1.8   -0.0 
      0 2014  248  22769   17.9   30.9  1.882    1.6   -0.0 
      0 2014  249  16476   19.2   29.4  2.109    1.5    0.0 
      0 2014  250   6877   21.4   26.2  2.371    1.1    1.8 
      0 2014  251  14776   21.0   30.4  2.430    2.0    2.1 
      0 2014  252  10601   20.6   27.6  2.309    1.2   11.3 
      0 2014  253  14393   21.1   29.1  2.324    2.4    0.4 
      0 2014  254   1997   17.2   23.9  2.181    3.4   24.5 
      0 2014  255   6074   16.2   20.6  1.702    3.5   10.2 
      0 2014  256   9352   16.4   23.2  1.858    1.9    0.0 
      0 2014  257   1320   17.3   20.1  2.024    3.3   16.0 
      0 2014  258   1656   16.5   17.4  1.683    4.3   15.8 
      0 2014  259   1254   15.6   17.0  1.623    3.5   21.5 
      0 2014  260   2826   15.0   17.4  1.568    3.0    9.7 
      0 2014  261   7326   14.6   20.3  1.714    0.9    0.5 
      0 2014  262  20560   12.6   25.5  1.834    2.5   -0.0 
      0 2014  263  20306   14.4   27.6  2.039    2.3   -0.0 
      0 2014  264  15028   17.3   26.5  2.148    1.7    0.0 
      0 2014  265  19201   17.4   27.1  2.001    1.4    0.0 
      0 2014  266  14239   16.6   26.3  1.815    1.2   -0.0 
      0 2014  267  14265   17.2   25.3  1.957    1.3    0.3 
      0 2014  268  15465   17.1   25.6  2.008    1.8    0.3 
      0 2014  269  16263   18.1   27.9  2.107    1.8    0.0 
      0 2014  270  15800   19.9   28.1  2.194    2.5    6.0 
      0 2014  271   1774   18.0   20.8  1.988    4.4   20.1 
      0 2014  272  19029   14.0   26.5  1.862    1.7   -0.0 
      0 2014  273  10200   13.0   20.0  1.384    4.4    0.1 
      0 2014  274   7044   11.4   18.4  1.461    1.6    5.3 
      0 2014  275  18546   11.1   26.9  1.632    2.0   -0.0 
      0 2014  276  15192   15.8   25.3  1.820    2.5    0.0 
      0 2014  277  13578   15.6   24.8  1.932    1.1    0.5 
      0 2014  278  17196   13.8   24.2  1.607    2.1    0.4 
      0 2014  279  16172   14.5   21.5  1.029    1.6   -0.0 
      0 2014  280  17776   12.7   24.0  1.213    1.4   -0.0 
      0 2014  281  16573   12.7   24.2  1.454    1.4   -0.0 
      0 2014  282  16533   15.0   25.1  1.585    1.6   -0.0 
      0 2014  283  15596   14.3   23.6  1.561    2.3   -0.0 
      0 2014  284  17473   12.1   25.1  1.498    1.8   -0.0 
      0 2014  285   6473   13.5   17.8  1.059    4.4    0.1 
      0 2014  286  13141   11.3   17.9  0.798    1.3   -0.0 
      0 2014  287  17477    7.8   21.9  0.956    2.0   -0.0 
      0 2014  288  16782    9.1   26.3  0.986    2.5   -0.0 
      0 2014  289  14097   13.4   22.1  0.643    2.8   -0.0 
      0 2014  290  15969   11.7   25.5  0.978    2.7   -0.0 
      0 2014  291  14186   13.0   25.1  1.266    1.0   -0.0 
      0 2014  292   8794   15.6   22.3  1.599    1.6    0.0 
      0 2014  293   4428   14.9   20.3  1.696    1.6    3.2 
      0 2014  294  10120   13.9   21.5  1.557    2.1    0.2 
      0 2014  295  14914   12.4   22.9  1.540    2.0   -0.0 
      0 2014  296  15424   12.7   25.9  1.570    3.0   -0.0 
      0 2014  297  15564   12.1   27.1  1.491    2.7   -0.0 
      0 2014  298  15440   12.3   27.3  1.520    2.2   -0.0 
      0 2014  299  14429   12.5   24.2  1.268    4.9   -0.0 
      0 2014  300   4732   12.3   15.7  0.562    4.8   -0.0 
      0 2014  301   8669   13.3   17.0  0.774    2.5    0.1 
      0 2014  302   4862   13.2   17.1  1.034    2.2    0.1 
      0 2014  303   8563   12.1   19.4  1.238    2.0    0.1 
      0 2014  304   6241   14.4   19.0  1.211    1.4   -0.0 
      0 2014  305   6146   11.5   18.9  1.182    1.5    0.5 
      0 2014  306  14976    5.9   16.9  0.462    2.2   -0.0 
      0 2014  307  14624    2.7   17.6  0.525    1.9   -0.0 
      0 2014  308  14288    5.4   18.6  0.626    2.3   -0.0 
      0 2014  309   6844    7.9   18.3  0.886    1.2    0.0 
      0 2014  310  13646    6.4   17.1  0.660    3.5   -0.0 
      0 2014  311   8193    7.4   13.4  0.730    3.0   -0.0 
      0 2014  312  12639    4.2   14.4  0.737    1.4   -0.0 
      0 2014  313  12896    3.6   16.0  0.817    1.2   -0.0 
      0 2014  314  11711    4.5   17.0  0.851    2.4   -0.0 
      0 2014  315  12498    7.0   21.0  0.800    2.5   -0.0 
      0 2014  316  13343    4.2   16.3  0.467    1.7   -0.0 
      0 2014  317  13192    0.5   14.7  0.392    1.4   -0.0 
      0 2014  318  12756    2.2   15.5  0.428    2.6    0.1 
      0 2014  319   4843    4.1   11.4  0.867    2.0    3.4 
      0 2014  320  12511    2.1   16.3  0.629    1.8   -0.0 
      0 2014  321  12531    0.1   13.9  0.508    1.7   -0.0 
      0 2014  322  12325    2.7   14.7  0.576    1.5   -0.0 
      0 2014  323   9871    6.3   15.4  0.649    2.0    0.2 
      0 2014  324  10871    3.4   18.0  0.813    2.0   -0.0 
      0 2014  325  11026    4.8   17.7  0.851    1.2   -0.0 
      0 2014  326   8417    6.6   15.0  0.770    3.3    2.6 
      0 2014  327   5886    7.5   13.5  0.928    1.5    2.1 
      0 2014  328   6998    7.7   13.0  0.874    2.7    0.1 
      0 2014  329   5570    5.6   11.2  0.795    1.4    0.4 
      0 2014  330  10223    3.0   14.0  0.866    2.3    0.0 
      0 2014  331   2341    5.0   10.2  0.913    2.9    1.4 
      0 2014  332   5828    2.9    8.8  0.712    1.0    0.0 
      0 2014  333   1471    2.7    7.6  0.829    1.4    1.7 
      0 2014  334   9458    1.1   13.9  0.620    2.2    0.1 
      0 2014  335  11703   -4.9    4.3  0.198    2.2   -0.0 
      0 2014  336  11257   -4.3    5.6  0.287    1.7   -0.0 
      0 2014  337   9432   -1.7    9.9  0.346    1.6   -0.0 
      0 2014  338  11539   -3.3    8.3  0.206    2.6   -0.0 
      0 2014  339  11379   -5.2    8.4  0.270    1.5   -0.0 
      0 2014  340  10200   -1.1   10.5  0.391    1.8   -0.0 
      0 2014  341  11152   -1.0   12.2  0.317    2.2   -0.0 
      0 2014  342  10673   -1.9    8.0  0.341    2.3   -0.0 
      0 2014  343   4273   -1.9    5.2  0.454    1.6    0.5 
      0 2014  344  10107   -1.6   10.2  0.429    2.2    0.5 
      0 2014  345   7702   -3.5    6.4  0.285    1.8   -0.0 
      0 2014  346  11146   -1.4    7.4  0.182    3.7   -0.0 
      0 2014  347  11057   -5.3    9.4  0.242    2.1   -0.0 
      0 2014  348   8312   -3.5    9.1  0.301    1.6   -0.0 
      0 2014  349   8593   -1.4   10.0  0.249    2.6   -0.0 
      0 2014  350  11085   -2.5    5.6  0.123    3.8   -0.0 
      0 2014  351  10770   -3.6   10.6  0.207    2.5   -0.0 
      0 2014  352   9650   -2.7   10.7  0.308    1.7   -0.0 
      0 2014  353  10679   -1.6   13.5  0.294    2.5   -0.0 
      0 2014  354   7396   -3.1    3.3  0.211    2.5   -0.0 
      0 2014  355  10946   -3.6    6.8  0.145    3.4   -0.0 
      0 2014  356  10878   -4.7    9.6  0.210    1.8   -0.0 
      0 2014  357  10121    0.2   13.3  0.314    2.2   -0.0 
      0 2014  358  10501   -3.0    9.2  0.294    2.6   -0.0 
      0 2014  359   8711   -2.2    6.4  0.278    1.1   -0.0 
      0 2014  360   9672   -2.3    7.0  0.307    1.2   -0.0 
      0 2014  361  10409   -2.6   11.6  0.398    2.2   -0.0 
      0 2014  362  10972   -1.1   13.5  0.273    3.1   -0.0 
      0 2014  363  11016   -1.4   17.4  0.273    2.6   -0.0 
      0 2014  364  11104   -1.7   18.1  0.257    2.9   -0.0 
      0 2014  365  11470   -3.6    6.7  0.150    2.3   -0.0 
