*---------------------------------------------------------------------------*
*Station name: 35.135916 113.763737
* Column  Daily value
* 1       station number
* 2       year
* 3       day
* 4       irradiation                   (kJ m-2 d-1)
* 5       minimum temperature           (degrees Celsius)
* 6       maximum temperature           (degrees Celsius)
* 7       early morning vapour pressure (kPa)
* 8       mean wind speed (height: 2 m) (m s-1)
* 9       precipitation                 (mm d-1)
*
* era5
* Created by era2cabo, by Alex 
* File created: 2019-05-10 10:36:57.286531
** WCCFORMAT=2
*---------------------------------------------------------------------------*
113.763737  35.135916  50.000000  -0.180000  -0.550000 
      0 2018    1  10900   -2.9   10.5  0.273    2.8    0.0 
      0 2018    2   6243    0.2    7.0  0.306    5.1    0.0 
      0 2018    3   5951   -0.8    3.6  0.226    4.8    0.7 
      0 2018    4   4373   -5.0   -0.9  0.343    2.9    5.6 
      0 2018    5  10720   -7.2    2.7  0.379    1.9    0.0 
      0 2018    6   3538   -4.4    2.1  0.434    1.7    4.6 
      0 2018    7   9475   -6.8    1.4  0.485    2.1    0.4 
      0 2018    8  12161   -7.7    2.9  0.272    4.1    0.0 
      0 2018    9  12187   -6.6    6.0  0.218    3.8    0.0 
      0 2018   10  12217   -5.8    6.2  0.217    3.5    0.0 
      0 2018   11  12258   -6.1    0.7  0.142    2.4    0.0 
      0 2018   12  12243   -6.6    5.4  0.228    2.4    0.0 
      0 2018   13  11219   -5.0    7.7  0.340    2.4    0.0 
      0 2018   14  12174   -2.3   13.3  0.358    2.3    0.0 
      0 2018   15   9157   -1.0    9.7  0.443    2.0    0.0 
      0 2018   16  11532   -1.9   10.2  0.421    1.5    0.0 
      0 2018   17  11519   -3.0   14.8  0.411    2.2    0.0 
      0 2018   18  10848   -2.2    9.6  0.441    1.5    0.0 
      0 2018   19  12603   -2.7   14.3  0.327    1.6    0.0 
      0 2018   20  11729   -2.4   12.5  0.358    1.4    0.0 
      0 2018   21   6564   -1.6    6.3  0.431    2.1    0.0 
      0 2018   22   8055   -3.1    3.3  0.427    2.6    0.0 
      0 2018   23  10074   -4.4    1.3  0.314    2.8    0.0 
      0 2018   24  10539   -6.1    1.8  0.231    2.7    0.3 
      0 2018   25   5883   -3.9   -1.1  0.174    3.3    0.7 
      0 2018   26  10976   -6.3    0.1  0.167    2.0    0.1 
      0 2018   27   7266   -5.8   -1.5  0.295    1.4    1.1 
      0 2018   28   8882   -6.6    0.2  0.332    1.7    0.0 
      0 2018   29  14443   -7.6    4.4  0.190    2.1    0.0 
      0 2018   30  12023   -7.2    6.1  0.211    1.9    0.0 
      0 2018   31  14221   -3.4    7.4  0.189    2.1    0.0 
      0 2018   32  14542   -5.8    8.8  0.203    1.9    0.0 
      0 2018   33  14981   -6.2    4.5  0.141    2.0    0.0 
      0 2018   34  15093   -6.2    3.5  0.146    1.5    0.0 
      0 2018   35  15196   -6.7    6.1  0.165    2.1    0.0 
      0 2018   36  15233   -6.2    6.2  0.173    2.1    0.0 
      0 2018   37  15277   -6.2    6.0  0.222    2.0    0.0 
      0 2018   38  15543   -4.7    9.6  0.176    2.5    0.0 
      0 2018   39  15352   -5.0    7.5  0.196    2.1    0.0 
      0 2018   40  14828   -2.1   13.9  0.267    2.3    0.0 
      0 2018   41  15538   -3.1    8.6  0.118    3.2    0.0 
      0 2018   42  16450   -5.1    6.8  0.092    3.6    0.0 
      0 2018   43  16503   -3.3   11.0  0.090    3.6    0.0 
      0 2018   44  16134   -3.1   16.4  0.205    3.5    0.0 
      0 2018   45  10812    1.4   12.1  0.214    5.0    0.0 
      0 2018   46  10753    1.9    8.6  0.179    3.0    0.0 
      0 2018   47  16270   -1.1   15.1  0.234    2.3    0.0 
      0 2018   48   8319    0.4   11.0  0.458    1.9    1.0 
      0 2018   49  12939    2.0   14.2  0.643    1.5    0.6 
      0 2018   50  15676    4.4   14.4  0.518    1.5    0.0 
      0 2018   51  10241    2.6    9.1  0.522    3.4    0.5 
      0 2018   52  12429    1.0   11.9  0.501    1.8    1.4 
      0 2018   53  17852   -1.4   15.7  0.254    3.5    0.0 
      0 2018   54  17582    0.4   19.4  0.407    1.9    0.0 
      0 2018   55   9907   -0.9    8.3  0.274    6.0    0.0 
      0 2018   56  17963   -3.0   14.9  0.322    2.8    0.0 
      0 2018   57  17891    1.4   22.1  0.531    2.3    0.0 
      0 2018   58   7268    7.0   15.1  0.754    3.5    0.7 
      0 2018   59  17446    2.8   20.7  0.780    3.1    0.3 
      0 2018   60  13145    4.4   11.5  0.358    4.3    0.0 
      0 2018   61  17938    1.7   17.0  0.628    3.3    0.0 
      0 2018   62  18475    4.0   21.3  0.958    2.8    0.0 
      0 2018   63   2801    5.6   13.3  0.909    5.9    2.2 
      0 2018   64  18728    0.9   12.1  0.477    2.5    0.0 
      0 2018   65   6489    4.1   10.7  0.493    1.6    0.8 
      0 2018   66  11919    2.3   10.8  0.690    2.5    0.8 
      0 2018   67  19215    0.8   11.0  0.473    3.3    0.0 
      0 2018   68  19919   -0.6   16.5  0.607    3.0    0.0 
      0 2018   69  19883    3.1   20.7  0.683    2.8    0.0 
      0 2018   70  19131    7.4   20.2  0.779    2.3    0.0 
      0 2018   71  19854    8.2   25.1  0.950    2.6    0.0 
      0 2018   72  19508    9.3   29.0  1.052    2.9    0.0 
      0 2018   73  20323   13.0   27.4  1.356    2.0    0.0 
      0 2018   74  13086    5.8   17.7  0.937    6.8    0.0 
      0 2018   75  16023    2.9   10.8  0.232    5.4    0.0 
      0 2018   76   5354    4.5   10.2  0.430    3.2    4.0 
      0 2018   77  10533    3.9   11.2  0.667    1.9    0.6 
      0 2018   78  11566    5.5   13.6  0.625    3.1    0.5 
      0 2018   79  19409    4.6   14.0  0.322    4.4    0.0 
      0 2018   80  21104    1.8   14.5  0.295    1.7    0.0 
      0 2018   81  18680    3.2   21.3  0.580    1.9    0.1 
      0 2018   82  18767    6.5   25.4  0.855    2.1    0.8 
      0 2018   83  21692   11.3   23.9  0.771    3.1    1.1 
      0 2018   84  22680    7.6   25.2  0.627    2.3    0.0 
      0 2018   85  20749    9.4   29.0  0.948    2.9    0.5 
      0 2018   86  22694   11.1   33.2  0.801    3.2    0.0 
      0 2018   87  22247   13.5   34.6  0.798    3.0    0.0 
      0 2018   88  22268   14.9   24.1  0.648    6.5    0.0 
      0 2018   89  22216   11.4   24.0  0.579    3.0    0.0 
      0 2018   90  21156   11.4   30.1  1.073    2.4    0.0 
      0 2018   91  23000   12.8   31.9  1.046    1.8    0.0 
      0 2018   92  23372   13.0   33.6  0.874    2.4    0.0 
      0 2018   93  22233    8.8   23.4  0.853    7.0    0.0 
      0 2018   94   3415    3.7    8.7  0.542    6.6    3.7 
      0 2018   95   7860    2.5   14.1  0.750    2.2    2.7 
      0 2018   96  23863    3.0   15.4  0.338    4.6    0.0 
      0 2018   97  25074    2.2   20.6  0.247    4.3    0.0 
      0 2018   98  25027    8.0   29.6  0.347    2.9    0.0 
      0 2018   99  24207   10.1   30.0  0.829    2.6    0.0 
      0 2018  100  18806   15.4   33.5  0.926    1.8    0.0 
      0 2018  101  23830   16.7   27.9  0.679    3.5    0.5 
      0 2018  102   2519   13.7   18.7  1.420    3.1   34.1 
      0 2018  103   2471    8.5   13.8  1.237    3.8   17.5 
      0 2018  104  18314    6.2   19.2  1.063    1.2    0.1 
      0 2018  105  25268    5.3   20.6  0.802    1.6    0.0 
      0 2018  106  25304    8.5   22.8  0.871    2.1    0.0 
      0 2018  107  24703   10.3   25.3  1.168    2.0    0.0 
      0 2018  108  24449   13.4   28.1  1.578    1.8    0.0 
      0 2018  109  24753   14.3   30.3  1.579    2.5    0.0 
      0 2018  110  23222   14.4   31.3  1.589    2.1    0.4 
      0 2018  111   5590   19.6   24.5  2.282    1.8   23.7 
      0 2018  112  12328   13.0   20.0  1.257    7.1    2.3 
      0 2018  113  16957   12.6   21.2  1.260    4.1    0.0 
      0 2018  114   9914   12.2   19.3  1.256    1.7    0.0 
      0 2018  115  14693   12.2   22.2  1.489    1.7    0.7 
      0 2018  116  24237   12.4   27.7  1.531    2.3    0.1 
      0 2018  117  25882   12.0   28.0  1.606    2.3    0.0 
      0 2018  118  25675   13.3   30.1  1.487    2.5    0.0 
      0 2018  119  24060   16.8   31.9  1.477    3.1    0.0 
      0 2018  120  23373   16.6   29.9  1.753    3.3    0.0 
      0 2018  121  16133   18.1   26.5  1.719    2.5    2.3 
      0 2018  122  21108   13.7   22.6  1.249    2.7    0.2 
      0 2018  123  27116   12.9   28.6  0.962    2.3    0.0 
      0 2018  124  24280   14.2   30.4  1.188    3.4    0.0 
      0 2018  125  19249   16.1   29.0  1.608    2.8    0.7 
      0 2018  126   7121   18.4   23.8  1.474    3.3    0.0 
      0 2018  127  20336   15.9   27.8  1.266    1.3    0.0 
      0 2018  128  25173   14.2   28.5  1.124    2.9    0.0 
      0 2018  129  25807   14.6   29.0  1.020    2.3    0.0 
      0 2018  130  22712   16.2   27.4  1.205    1.5    0.2 
      0 2018  131  15171   17.6   26.9  1.800    1.5    4.0 
      0 2018  132  23938   17.7   31.0  1.657    1.8    0.0 
      0 2018  133  27045   17.1   36.1  1.481    2.2    0.0 
      0 2018  134  20615   20.1   33.7  2.046    2.7    0.0 
      0 2018  135  11909   23.4   29.6  2.628    1.8   23.1 
      0 2018  136  12771   22.1   29.2  2.599    1.3    2.4 
      0 2018  137  14347   21.6   31.1  2.558    1.9    0.3 
      0 2018  138  11690   21.3   26.3  2.108    3.2    1.1 
      0 2018  139  10444   19.0   24.2  1.912    3.5    6.7 
      0 2018  140   8197   16.3   21.9  1.653    4.6    3.5 
      0 2018  141   5216   16.6   18.7  1.639    2.3    2.6 
      0 2018  142  19340   15.6   27.2  1.762    1.5    3.6 
      0 2018  143  27624   11.1   28.3  1.207    2.5    0.0 
      0 2018  144  11992   16.7   23.8  1.541    1.4    1.7 
      0 2018  145  16099   17.8   28.3  2.088    1.3    9.9 
      0 2018  146  14755   17.0   30.2  2.176    1.9    0.1 
      0 2018  147  27005   16.4   31.2  1.262    2.0    0.0 
      0 2018  148  23239   16.7   33.1  1.361    2.7    0.0 
      0 2018  149  17782   18.3   29.3  1.111    2.5    0.0 
      0 2018  150  19544   16.6   31.3  0.998    1.3    0.0 
      0 2018  151  28253   16.1   33.4  1.048    1.5    0.0 
      0 2018  152  26085   19.4   33.9  1.095    1.3    0.0 
      0 2018  153  20119   22.6   34.0  1.033    2.1    0.0 
      0 2018  154  24742   19.0   36.3  1.210    2.3    0.0 
      0 2018  155  26535   23.6   36.3  1.178    1.5    0.0 
      0 2018  156  29450   19.5   38.9  0.675    3.0    0.0 
      0 2018  157  28495   23.1   39.6  1.315    3.0    0.0 
      0 2018  158  24525   24.5   38.8  1.710    2.7    0.0 
      0 2018  159  14973   21.4   34.8  1.641    4.3    1.1 
      0 2018  160  10145   19.0   24.9  1.749    1.7    4.5 
      0 2018  161  26208   16.1   31.1  1.719    1.3    0.0 
      0 2018  162  27273   18.0   37.1  1.687    1.8    1.3 
      0 2018  163  25962   19.7   39.1  1.492    1.5    0.0 
      0 2018  164  25283   24.4   39.4  1.671    3.7    0.7 
      0 2018  165  25025   22.1   34.3  1.747    2.0    0.0 
      0 2018  166  25519   21.5   36.3  1.655    1.8    0.0 
      0 2018  167  15628   24.9   33.8  1.827    1.8    0.0 
      0 2018  168  14474   25.1   32.2  2.074    2.1    0.2 
      0 2018  169   5436   21.7   27.0  2.325    1.2    9.2 
      0 2018  170  26148   19.9   32.5  2.236    1.8    0.1 
      0 2018  171  23622   22.3   34.6  2.106    1.5    0.0 
      0 2018  172  20872   23.1   34.2  1.849    2.0    0.0 
      0 2018  173  27334   22.9   34.3  1.666    1.7    0.1 
      0 2018  174  25952   22.2   35.8  2.103    2.5    0.0 
      0 2018  175  27562   22.6   36.6  2.204    2.6    0.1 
      0 2018  176   8565   25.1   32.0  3.053    2.2   22.0 
      0 2018  177   6283   23.1   26.4  2.671    1.6   22.4 
      0 2018  178  23393   23.1   36.1  2.997    2.3    0.0 
      0 2018  179  28243   23.5   34.4  2.185    2.9    0.0 
      0 2018  180  24596   22.5   34.9  2.068    1.3    0.0 
      0 2018  181  16729   24.3   32.6  2.305    1.6    0.1 
      0 2018  182  25437   21.7   33.2  2.216    2.1    0.0 
      0 2018  183  14797   25.0   31.1  2.492    1.5    0.1 
      0 2018  184  20593   23.4   32.8  2.566    0.8    0.0 
      0 2018  185   4189   22.4   27.7  2.551    1.4    5.6 
      0 2018  186  26013   20.9   33.9  2.477    1.9    0.0 
      0 2018  187  24459   24.7   34.2  2.555    3.0    0.0 
      0 2018  188  21841   24.3   33.2  2.584    1.5    0.0 
      0 2018  189  13506   24.5   31.4  2.667    1.4    0.6 
      0 2018  190   9117   23.9   29.2  2.629    2.6    2.7 
      0 2018  191   6435   22.2   25.7  2.642    3.1   12.9 
      0 2018  192  10706   23.4   30.8  2.900    1.8    1.5 
      0 2018  193  16805   24.6   32.7  3.090    2.6    2.2 
      0 2018  194  10120   24.9   30.4  3.233    1.8   30.9 
      0 2018  195  15399   24.9   32.1  3.230    1.1   12.5 
      0 2018  196  20377   25.8   33.6  3.366    2.1    0.7 
      0 2018  197  23185   26.0   34.6  3.276    1.7    0.4 
      0 2018  198  17728   25.6   34.3  3.238    1.7    1.7 
      0 2018  199  23021   27.3   35.6  3.371    1.8    0.1 
      0 2018  200  23706   27.4   36.1  3.248    1.5    0.1 
      0 2018  201  25326   27.1   36.9  3.095    1.5    0.0 
      0 2018  202  23566   26.8   36.0  3.140    1.2    0.0 
      0 2018  203  25814   27.1   35.8  2.902    2.1    0.0 
      0 2018  204  22367   28.4   35.7  2.783    3.5    0.0 
      0 2018  205  23175   26.4   36.9  2.880    2.2    0.0 
      0 2018  206  23821   28.3   39.3  2.840    1.9    0.3 
      0 2018  207  19595   26.9   35.6  2.926    3.4    4.6 
      0 2018  208  12713   25.1   32.4  3.040    2.8    9.3 
      0 2018  209  15448   25.4   31.8  2.989    2.9    1.1 
      0 2018  210  15345   25.7   33.0  3.117    1.9    3.6 
      0 2018  211  13624   24.9   32.7  3.120    2.1   13.3 
      0 2018  212  17492   24.7   32.5  3.080    1.4    2.5 
      0 2018  213  21216   25.3   34.8  3.118    1.4    1.2 
      0 2018  214  20028   26.3   34.7  3.273    1.9    1.4 
      0 2018  215  21343   26.4   35.8  3.077    2.0    0.3 
      0 2018  216  18995   26.7   36.3  3.079    2.1    0.3 
      0 2018  217  10024   26.2   31.2  3.282    2.3    6.9 
      0 2018  218  17167   25.2   34.8  3.367    1.7    1.8 
      0 2018  219  21894   26.6   37.0  3.412    1.4    0.4 
      0 2018  220  22577   27.4   38.2  3.240    1.6    0.4 
      0 2018  221  20715   27.5   35.7  3.173    2.9    1.0 
      0 2018  222  19173   26.7   36.4  3.144    1.5    3.6 
      0 2018  223  21019   26.5   36.5  3.115    2.0    1.3 
      0 2018  224  20372   26.5   35.9  3.094    1.6    0.4 
      0 2018  225  20302   26.7   35.0  2.951    2.8    1.3 
      0 2018  226  18380   27.1   35.4  2.792    2.9    0.4 
      0 2018  227  22826   26.2   36.0  2.741    3.3    0.0 
      0 2018  228   7162   24.1   28.5  2.364    5.3    1.5 
      0 2018  229  21409   24.5   33.5  1.729    5.7    0.0 
      0 2018  230   4020   24.2   27.5  2.342    7.2   30.6 
      0 2018  231   4470   23.8   26.8  2.755    6.6   90.4 
      0 2018  232  21488   21.5   30.7  2.812    1.0    0.0 
      0 2018  233  22841   22.3   32.3  2.806    2.4    0.0 
      0 2018  234  11537   24.2   28.1  2.207    3.4    0.1 
      0 2018  235  20455   21.8   29.5  2.132    1.2    0.0 
      0 2018  236  22001   20.3   30.9  2.419    1.3    0.0 
      0 2018  237  22493   21.6   31.5  2.499    1.1    0.0 
      0 2018  238  23012   21.8   32.1  2.576    1.2    0.0 
      0 2018  239  22060   21.4   32.0  2.497    1.9    0.0 
      0 2018  240  22144   22.4   32.7  2.402    1.3    0.0 
      0 2018  241  19466   24.5   33.4  2.556    3.4    0.5 
      0 2018  242  13457   25.6   31.2  2.285    5.0    0.7 
      0 2018  243   9175   23.3   28.7  2.156    5.6    0.5 
      0 2018  244  11840   22.2   28.7  2.253    3.7    1.4 
      0 2018  245  12921   24.6   33.0  2.599    2.0    0.1 
      0 2018  246  23475   23.8   36.1  1.727    2.0    0.0 
      0 2018  247  22947   21.1   33.3  1.445    1.9    0.0 
      0 2018  248   2606   21.6   27.6  1.960    2.3    1.0 
      0 2018  249  22048   20.8   36.6  1.590    3.2    0.0 
      0 2018  250  22723   16.7   30.3  0.938    1.8    0.0 
      0 2018  251  20935   16.4   30.5  1.104    1.6    0.0 
      0 2018  252  17703   17.1   30.1  1.267    1.6    0.0 
      0 2018  253  12793   21.0   29.2  1.445    2.1    0.0 
      0 2018  254  21705   16.8   29.9  1.430    1.5    0.0 
      0 2018  255  17258   19.2   30.9  1.616    1.3    0.0 
      0 2018  256  11577   19.2   29.5  1.973    1.2    0.8 
      0 2018  257  10281   20.8   27.8  2.085    1.1    0.7 
      0 2018  258   4852   20.8   24.3  2.313    1.4    9.4 
      0 2018  259   4733   17.9   20.9  1.837    1.7   10.1 
      0 2018  260  13049   16.6   25.9  1.974    1.9    3.1 
      0 2018  261   1412   19.1   22.0  2.010    2.0   16.4 
      0 2018  262   2267   18.8   20.7  2.144    0.8   21.3 
      0 2018  263   9800   18.5   24.9  2.208    1.1    0.1 
      0 2018  264  20623   15.6   31.2  1.734    2.5    0.0 
      0 2018  265  21461   11.2   27.8  1.170    2.1    0.0 
      0 2018  266  20108   14.3   26.8  1.073    2.1    0.0 
      0 2018  267  16925   15.9   24.2  0.947    3.6    0.0 
      0 2018  268   2982   14.9   18.6  1.384    4.1    5.7 
      0 2018  269  12549   13.4   22.0  1.491    1.2    0.0 
      0 2018  270  15135   12.2   24.0  1.571    1.8    0.5 
      0 2018  271  20305   12.1   26.1  1.411    2.3    0.0 
      0 2018  272  20134   11.4   29.4  1.299    2.4    0.0 
      0 2018  273  20019   12.7   26.0  0.901    2.8    0.0 
      0 2018  274  19812   10.4   25.2  0.862    2.0    0.0 
      0 2018  275  19034   10.5   26.2  0.974    1.5    0.0 
      0 2018  276  19374   11.0   27.2  0.983    1.2    0.0 
      0 2018  277  19381   11.6   27.2  0.938    1.1    0.0 
      0 2018  278  19029   10.7   27.6  0.924    1.2    0.0 
      0 2018  279  18079   12.4   27.1  1.153    2.0    0.0 
      0 2018  280  14742   17.2   25.2  1.152    2.2    0.0 
      0 2018  281  16025   13.0   26.1  1.261    1.5    0.0 
      0 2018  282  18389   12.4   23.1  0.783    2.3    0.0 
      0 2018  283  18512   10.2   23.5  0.630    2.5    0.0 
      0 2018  284  18065   11.4   21.1  0.617    3.1    0.0 
      0 2018  285  17787    8.8   23.5  0.750    1.9    0.0 
      0 2018  286  15980    9.9   22.3  0.768    1.3    0.0 
      0 2018  287  13550   12.5   22.7  1.017    1.2    0.0 
      0 2018  288   9377   11.0   20.6  1.231    1.3    0.0 
      0 2018  289  15001   10.2   22.2  1.219    1.7    0.0 
      0 2018  290  16229   10.5   21.1  0.995    2.8    0.0 
      0 2018  291  14655   11.0   19.6  0.807    2.7    0.0 
      0 2018  292  16359    8.4   19.4  0.613    2.2    0.0 
      0 2018  293   8606   11.8   18.9  0.726    1.4    0.1 
      0 2018  294   4363   10.8   17.7  0.973    1.8    0.1 
      0 2018  295  15826    8.7   25.7  1.002    2.4    0.0 
      0 2018  296  15895    7.1   21.8  0.591    2.0    0.0 
      0 2018  297  15418    8.6   25.1  0.775    1.7    0.0 
      0 2018  298   7684   13.0   24.0  0.909    1.9    0.3 
      0 2018  299  16026    9.2   21.5  0.281    3.2    0.0 
      0 2018  300  15635    5.6   23.4  0.354    2.4    0.0 
      0 2018  301  15454    9.9   26.3  0.367    4.1    0.0 
      0 2018  302  15260    8.2   26.7  0.492    2.4    0.0 
      0 2018  303  13876    8.4   22.0  0.619    1.9    0.0 
      0 2018  304  14538    8.2   21.5  0.763    1.8    0.0 
      0 2018  305  12491   10.5   21.1  0.839    1.9    0.1 
      0 2018  306  14329    8.1   20.5  0.780    1.7    0.0 
      0 2018  307  13916    7.4   20.0  0.858    1.3    0.0 
      0 2018  308  12636    9.1   23.0  0.890    2.1    0.0 
      0 2018  309   3761    8.6   13.8  0.888    4.5    3.0 
      0 2018  310   3570    5.0   10.6  0.783    2.0    3.3 
      0 2018  311   8976    2.3   13.0  0.815    1.4    2.6 
      0 2018  312  13063    7.2   17.1  0.953    2.4    2.2 
      0 2018  313  13476    4.3   19.8  0.813    1.9    0.0 
      0 2018  314   5813    8.0   15.4  0.921    2.9    1.5 
      0 2018  315   7972    7.5   14.9  0.995    1.1    0.1 
      0 2018  316  12138    6.9   17.2  0.959    0.9    0.0 
      0 2018  317  11476    4.6   16.6  0.911    1.1    0.0 
      0 2018  318   4332    8.1   14.4  1.003    1.2    0.1 
      0 2018  319   7621    7.3   16.3  1.060    2.1    0.1 
      0 2018  320   4709    7.1   10.3  0.642    4.2    0.1 
      0 2018  321   6411    5.1   12.0  0.789    2.1    1.4 
      0 2018  322   9968    4.1   14.8  0.648    1.9    0.0 
      0 2018  323  12375    1.1   15.5  0.591    2.1    0.0 
      0 2018  324   9436    3.7   15.3  0.713    1.4    0.1 
      0 2018  325  12025    1.5   14.4  0.555    1.6    0.1 
      0 2018  326  12231   -2.7   14.0  0.429    1.7    0.0 
      0 2018  327  10921    3.2   14.5  0.593    1.6    0.0 
      0 2018  328  10469    2.0   14.1  0.614    1.9    0.0 
      0 2018  329  11662    1.6   16.4  0.597    0.9    0.0 
      0 2018  330  11424    2.0   19.8  0.606    2.5    0.0 
      0 2018  331   5513    5.2   14.7  0.500    1.7    0.0 
      0 2018  332  11139    2.9   15.7  0.505    1.5    0.0 
      0 2018  333  11017    3.0   12.9  0.540    2.6    0.0 
      0 2018  334   9239    3.1   13.9  0.658    1.7    0.0 
      0 2018  335   5673    4.5   12.4  0.830    2.1    1.8 
      0 2018  336   3767    7.4   12.3  0.999    1.3    2.4 
      0 2018  337   3659    4.6   12.0  0.717    2.4    0.1 
      0 2018  338  11062    0.7   10.2  0.315    1.8    0.1 
      0 2018  339   2898    2.3    5.5  0.530    1.7    2.4 
      0 2018  340  10427   -2.6    7.7  0.554    2.1    0.1 
      0 2018  341   8873   -4.6    1.7  0.243    2.0    0.0 
      0 2018  342   8078   -4.8    0.4  0.217    2.2    0.0 
      0 2018  343  10729   -5.5    1.8  0.246    1.7    0.0 
      0 2018  344   7226   -4.9    2.5  0.317    1.0    0.3 
      0 2018  345  10602   -5.1    4.6  0.404    1.5    0.0 
      0 2018  346  11147   -5.4    5.0  0.265    2.4    0.0 
      0 2018  347  10309   -5.4    6.3  0.245    2.4    0.0 
      0 2018  348  10051   -4.0    5.5  0.301    1.3    0.0 
      0 2018  349   9646   -3.4    8.3  0.390    2.8    0.0 
      0 2018  350  10785   -1.5   13.5  0.323    3.3    0.0 
      0 2018  351  10706   -2.9   13.5  0.322    2.6    0.0 
      0 2018  352  10651   -1.9   15.8  0.394    2.3    0.0 
      0 2018  353   6618    1.1   12.1  0.418    2.0    0.0 
      0 2018  354   6782    0.8   10.0  0.497    2.0    0.0 
      0 2018  355  10265    0.7   13.2  0.535    2.3    0.0 
      0 2018  356   7042    1.7   11.2  0.493    0.8    0.0 
      0 2018  357  10141   -2.9    6.3  0.343    2.4    0.0 
      0 2018  358   9738   -3.7    7.4  0.288    2.0    0.0 
      0 2018  359   7310   -1.0    9.7  0.381    2.5    0.0 
      0 2018  360   8791   -1.4    4.4  0.242    4.2    0.0 
      0 2018  361   6828   -4.1    1.2  0.310    4.8    0.2 
      0 2018  362  10917   -7.4   -1.0  0.133    1.9    0.1 
      0 2018  363  10891   -6.6    1.2  0.159    1.4    0.0 
      0 2018  364  11134   -7.3    0.9  0.139    1.9    0.0 
      0 2018  365  11015   -6.9    1.7  0.165    1.6    0.0 
